14 0.139069 0.755977 0.130497 0.906530 0.177586 0.910722 0.288853 0.915167 0.366472 0.917742 0.511555 0.917922 0.655469 0.918845 0.826947 0.912002 0.872967 0.912894 0.862086 0.842836 0.850313 0.702902 0.827431 0.526719 0.791803 0.287139 0.771863 0.201878 0.753564 0.137494 0.740969 0.101009 0.739619 0.096736 0.740950 0.092930 0.691044 0.095217 0.609247 0.098777 0.567752 0.101295 0.500683 0.104047 0.496008 0.101609 0.462508 0.100281 0.345092 0.095545 0.258389 0.092188 0.237392 0.148859 0.212573 0.259255 0.182986 0.443472 0.159442 0.607470 0.139069 0.755977
13 0.238817 0.148502 0.234177 0.161200 0.266783 0.165105 0.296833 0.168838 0.322048 0.168738 0.350714 0.164236 0.377564 0.155055 0.394134 0.140734 0.402197 0.122445 0.407334 0.110222 0.406163 0.102794 0.399827 0.102688 0.392591 0.105862 0.388503 0.116481 0.361323 0.113963 0.301541 0.109916 0.277089 0.111434 0.273827 0.138716 0.273766 0.154770 0.252748 0.151430 0.238817 0.148502
6 0.404386 0.112584 0.406470 0.110420 0.406156 0.105845 0.404400 0.103313 0.403075 0.102258 0.400506 0.101906 0.394147 0.102881 0.394073 0.106592 0.394228 0.110266 0.398973 0.112627 0.404386 0.112584
13 0.609748 0.150291 0.630180 0.162128 0.654698 0.168264 0.675944 0.170089 0.702816 0.168916 0.732586 0.165530 0.745139 0.162756 0.744295 0.152672 0.731542 0.153491 0.712736 0.156333 0.699769 0.158280 0.684677 0.158727 0.668927 0.157977 0.653367 0.156131 0.641606 0.153747 0.636086 0.151127 0.629894 0.146394 0.621131 0.138123 0.614492 0.125975 0.609033 0.110706 0.605920 0.105802 0.602659 0.103502 0.595986 0.102669 0.593450 0.103928 0.595564 0.117362 0.598778 0.128384 0.602891 0.138227 0.609748 0.150291
6 0.594161 0.103091 0.593239 0.107406 0.594472 0.111502 0.599964 0.113052 0.604005 0.113105 0.606144 0.109288 0.605386 0.103914 0.601862 0.102619 0.598141 0.102516 0.594161 0.103091
2 0.334547 0.098166 0.376894 0.100159 0.445866 0.101683 0.496959 0.101672 0.497513 0.107044 0.511409 0.105000 0.569261 0.101644 0.593945 0.102205 0.607398 0.102628 0.637750 0.100031 0.681259 0.098469 0.710666 0.096019 0.741337 0.094856 0.738503 0.067380 0.733906 0.057636 0.697483 0.060600 0.628466 0.063919 0.587817 0.062655 0.534281 0.064534 0.510102 0.063970 0.496912 0.065666 0.470467 0.065111 0.426762 0.063684 0.393236 0.063838 0.311159 0.058923 0.265286 0.056548 0.262042 0.066194 0.258402 0.091734 0.256897 0.095655 0.286155 0.096703 0.334547 0.098166
3 0.405736 0.118913 0.413711 0.120906 0.424878 0.118548 0.424495 0.108019 0.424961 0.085823 0.426972 0.069005 0.430448 0.062473 0.404561 0.062433 0.407041 0.065927 0.406064 0.090209 0.406762 0.102641 0.405736 0.118913
3 0.576500 0.117897 0.583894 0.120075 0.594870 0.118781 0.595350 0.110002 0.592234 0.087598 0.590695 0.073862 0.591056 0.062863 0.570042 0.064833 0.572650 0.069170 0.575945 0.080447 0.576377 0.109288 0.576500 0.117897
12 0.516358 0.277162 0.539153 0.262294 0.547553 0.243895 0.551528 0.216066 0.549597 0.181498 0.548042 0.144106 0.551181 0.117056 0.552608 0.103684 0.495094 0.105577 0.497527 0.144433 0.497664 0.203195 0.495731 0.280480 0.516358 0.277162
7 0.355395 0.932794 0.456125 0.934366 0.542211 0.934338 0.650342 0.934670 0.748786 0.930941 0.838944 0.929175 0.870811 0.928478 0.869570 0.908648 0.846939 0.908655 0.812208 0.910984 0.746264 0.914630 0.681084 0.917677 0.605070 0.917339 0.519659 0.918463 0.431895 0.917722 0.363995 0.915941 0.307595 0.915458 0.193259 0.910831 0.130292 0.905427 0.132144 0.921372 0.136120 0.927117 0.237339 0.930509 0.355395 0.932794
8 0.506359 0.075308 0.504086 0.082072 0.506587 0.086952 0.511989 0.090798 0.517033 0.092077 0.523469 0.089323 0.525831 0.086791 0.527050 0.082409 0.525911 0.078423 0.524687 0.075998 0.521655 0.073298 0.518916 0.072133 0.510411 0.072995 0.506359 0.075308