14 0.290486 0.294536 0.284845 0.330352 0.284352 0.347070 0.284030 0.370278 0.278255 0.395844 0.272473 0.425027 0.269419 0.448459 0.267642 0.459984 0.265800 0.475947 0.263723 0.504823 0.261291 0.538141 0.257695 0.557786 0.251305 0.595855 0.246425 0.619166 0.247622 0.636811 0.242878 0.676591 0.239502 0.726664 0.235698 0.779775 0.227673 0.868733 0.254934 0.871758 0.282555 0.875222 0.313781 0.882391 0.347019 0.889081 0.374103 0.891817 0.406613 0.895214 0.425831 0.898575 0.430278 0.903533 0.436669 0.877370 0.450355 0.803531 0.461077 0.750136 0.475692 0.686517 0.486630 0.649947 0.495641 0.602811 0.503492 0.566828 0.511219 0.597170 0.519695 0.633503 0.530205 0.676328 0.545556 0.738109 0.554370 0.775886 0.565061 0.831373 0.581347 0.896492 0.606577 0.888881 0.648475 0.880127 0.695905 0.872805 0.744278 0.864719 0.787650 0.856836 0.783923 0.830461 0.779853 0.796111 0.774302 0.759755 0.768353 0.717459 0.762687 0.688723 0.759336 0.656208 0.757205 0.623569 0.750420 0.589386 0.745050 0.555236 0.737186 0.500023 0.732858 0.476152 0.733377 0.468252 0.735727 0.455014 0.729252 0.418672 0.724906 0.386189 0.720048 0.353136 0.717077 0.334756 0.714933 0.322328 0.712081 0.297602 0.706411 0.276795 0.699313 0.231075 0.685262 0.188216 0.676664 0.154039 0.665231 0.121559 0.656630 0.114144 0.654691 0.107833 0.642434 0.108722 0.631059 0.111495 0.621391 0.116081 0.614091 0.119150 0.604362 0.122558 0.572055 0.126519 0.553409 0.129975 0.540853 0.126405 0.527314 0.129656 0.516869 0.130612 0.509713 0.128436 0.503973 0.124092 0.487408 0.124805 0.481905 0.127309 0.472641 0.127058 0.466547 0.126392 0.455470 0.127900 0.451100 0.127081 0.446569 0.124927 0.439423 0.124628 0.430645 0.125519 0.422750 0.123539 0.413225 0.123044 0.395294 0.118055 0.387219 0.119169 0.378127 0.116147 0.364344 0.113183 0.357331 0.111883 0.352533 0.111062 0.342228 0.111245 0.336439 0.122231 0.320886 0.164930 0.308609 0.209598 0.297497 0.255150 0.290486 0.294536
7 0.269091 0.892573 0.288847 0.895952 0.309756 0.900519 0.332398 0.905937 0.354741 0.908514 0.382283 0.912245 0.406238 0.916652 0.426572 0.920053 0.430895 0.901781 0.424595 0.898353 0.407336 0.895375 0.381627 0.892402 0.349709 0.888192 0.316752 0.881667 0.295605 0.877841 0.280259 0.874423 0.256856 0.871714 0.239733 0.869622 0.227825 0.869188 0.225189 0.889164 0.235944 0.889850 0.251819 0.890884 0.269091 0.892573
7 0.650023 0.900833 0.683766 0.894330 0.699319 0.892409 0.728081 0.888061 0.750966 0.883489 0.773645 0.878105 0.776041 0.877277 0.789511 0.874372 0.787647 0.855928 0.768069 0.859741 0.730617 0.867188 0.701927 0.871759 0.667572 0.876730 0.637714 0.881998 0.607572 0.888758 0.580906 0.896009 0.585277 0.913102 0.591264 0.913270 0.612770 0.907722 0.650023 0.900833
13 0.309723 0.463120 0.315183 0.434823 0.319939 0.387905 0.323795 0.341253 0.323305 0.319417 0.328189 0.292973 0.330930 0.280567 0.321203 0.277227 0.310502 0.276639 0.305003 0.276636 0.294095 0.282191 0.290975 0.289288 0.287205 0.313214 0.284419 0.333891 0.284419 0.359336 0.284212 0.370938 0.279544 0.386286 0.276389 0.403894 0.272523 0.421811 0.271197 0.434184 0.268466 0.455973 0.266791 0.459577 0.266177 0.466153 0.281281 0.466417 0.293005 0.469602 0.301155 0.468223 0.309723 0.463120
13 0.666464 0.393856 0.667983 0.421903 0.670000 0.437287 0.675350 0.450739 0.680448 0.470630 0.697195 0.472606 0.709372 0.473109 0.732495 0.474139 0.734147 0.463708 0.735980 0.454994 0.729198 0.415400 0.726158 0.388256 0.719909 0.352684 0.716139 0.331577 0.715163 0.307863 0.712300 0.302259 0.707695 0.282456 0.703177 0.282228 0.690156 0.283977 0.675025 0.286356 0.662386 0.290684 0.654992 0.292252 0.658036 0.305197 0.662566 0.329019 0.663327 0.343986 0.666464 0.393856
9 0.727750 0.388959 0.727391 0.394936 0.727127 0.400955 0.725981 0.402572 0.727434 0.406633 0.728350 0.402859 0.729584 0.397709 0.729747 0.391602 0.728478 0.384947 0.726472 0.379997 0.722481 0.374727 0.723095 0.379370 0.724952 0.382173 0.726419 0.384927 0.727750 0.388959
9 0.271342 0.395842 0.270914 0.394117 0.270808 0.393039 0.269783 0.393095 0.267950 0.395327 0.266711 0.391823 0.267202 0.391284 0.269055 0.389559 0.271433 0.388377 0.276806 0.388169 0.279744 0.388063 0.280717 0.385655 0.271161 0.385772 0.268517 0.386497 0.266048 0.389464 0.265402 0.392509 0.266345 0.394967 0.268466 0.396875 0.267659 0.397586 0.267281 0.399109 0.268970 0.399641 0.271400 0.400634 0.272677 0.399130 0.274578 0.398791 0.277189 0.397120 0.279420 0.393056 0.276067 0.394473 0.271342 0.395842
13 0.388206 0.182661 0.408258 0.185742 0.429227 0.189502 0.450884 0.188786 0.468831 0.187967 0.470113 0.176109 0.459383 0.174850 0.449409 0.175120 0.428195 0.176733 0.420275 0.173322 0.404130 0.171861 0.392111 0.168842 0.380705 0.164016 0.369570 0.160211 0.360797 0.158145 0.353011 0.157795 0.348702 0.159958 0.346269 0.173672 0.354433 0.173852 0.367169 0.175855 0.388206 0.182661
13 0.573980 0.190695 0.595945 0.185227 0.607505 0.181784 0.622177 0.179361 0.639005 0.178636 0.637520 0.164280 0.621112 0.163639 0.607672 0.165405 0.589242 0.171864 0.580600 0.175706 0.571409 0.178070 0.558086 0.175453 0.546873 0.174541 0.533380 0.175091 0.525641 0.177516 0.524088 0.192330 0.534077 0.190270 0.549777 0.190059 0.573980 0.190695
10 0.614806 0.182927 0.601487 0.185206 0.604705 0.203962 0.632189 0.199997 0.638033 0.182313 0.614806 0.182927
2 0.363781 0.112811 0.379231 0.115291 0.387405 0.118872 0.395802 0.118016 0.409738 0.121923 0.415530 0.122997 0.424258 0.123719 0.430767 0.125864 0.436094 0.125541 0.442420 0.124223 0.449423 0.124741 0.452141 0.126586 0.457645 0.126781 0.463334 0.125880 0.469550 0.126009 0.472255 0.127659 0.478120 0.129075 0.486155 0.128256 0.487941 0.125539 0.490670 0.124420 0.504361 0.123322 0.508817 0.128225 0.518614 0.130517 0.525306 0.128948 0.536319 0.126611 0.548211 0.127694 0.555688 0.129222 0.577573 0.125884 0.581889 0.122438 0.584087 0.124964 0.593041 0.124438 0.603328 0.122942 0.611317 0.120112 0.623653 0.115442 0.634725 0.111031 0.646773 0.108222 0.656041 0.109548 0.652272 0.099766 0.651088 0.092731 0.648409 0.089417 0.647567 0.082994 0.643931 0.077172 0.638772 0.076580 0.634344 0.077681 0.633419 0.075053 0.622762 0.076553 0.614417 0.080269 0.609839 0.078978 0.595511 0.086641 0.585273 0.088609 0.571377 0.090250 0.558903 0.092230 0.541652 0.094705 0.522141 0.096027 0.509788 0.096834 0.501908 0.094591 0.491661 0.097142 0.486448 0.094559 0.481191 0.093441 0.453081 0.092872 0.440838 0.092637 0.422537 0.089864 0.409189 0.087802 0.386436 0.082567 0.370209 0.079052 0.358214 0.077055 0.355816 0.090050 0.354445 0.101859 0.350861 0.110325 0.363781 0.112811
3 0.343214 0.111881 0.339983 0.116480 0.337622 0.120516 0.341691 0.124531 0.350450 0.123419 0.351997 0.115444 0.351609 0.110152 0.354523 0.099303 0.357237 0.086692 0.357873 0.081613 0.359222 0.076922 0.358453 0.075817 0.351930 0.081589 0.349791 0.088834 0.348589 0.098469 0.344172 0.105481 0.343214 0.111881
3 0.502244 0.137163 0.503255 0.134753 0.503667 0.116516 0.503098 0.092569 0.492667 0.095470 0.492383 0.114067 0.491913 0.135816 0.492816 0.136955 0.502244 0.137163
3 0.629623 0.110056 0.631519 0.122311 0.633436 0.126405 0.642347 0.121864 0.641927 0.114869 0.640125 0.104362 0.638616 0.095705 0.635561 0.082189 0.634717 0.077077 0.634042 0.074377 0.628328 0.073395 0.624616 0.073364 0.623727 0.077153 0.624378 0.086761 0.627503 0.100730 0.629623 0.110056