14 0.299439 0.264880 0.297344 0.333233 0.298106 0.436377 0.299686 0.554886 0.304784 0.781692 0.308008 0.911934 0.339911 0.914430 0.366555 0.916773 0.393484 0.918216 0.426334 0.919689 0.451170 0.916872 0.456916 0.851003 0.473570 0.688525 0.484820 0.593536 0.498216 0.504737 0.510778 0.571658 0.523350 0.650847 0.528270 0.713725 0.539797 0.818802 0.549427 0.921947 0.583055 0.920448 0.629369 0.919598 0.670992 0.917142 0.695473 0.914848 0.695547 0.890547 0.695319 0.850541 0.696180 0.741542 0.697884 0.584089 0.700419 0.441059 0.701444 0.368480 0.700056 0.273139 0.700061 0.243248 0.696622 0.208098 0.690466 0.159405 0.683508 0.108614 0.680391 0.091773 0.670136 0.092006 0.640739 0.093519 0.614755 0.094953 0.577302 0.095758 0.523834 0.094839 0.467414 0.094178 0.429983 0.094663 0.364800 0.093956 0.320228 0.091398 0.315197 0.118761 0.307280 0.171802 0.302244 0.214839 0.299439 0.264880
13 0.448781 0.155816 0.467842 0.155447 0.466891 0.140920 0.446734 0.140697 0.403733 0.142044 0.362231 0.145319 0.342672 0.149702 0.343111 0.160519 0.374967 0.158578 0.408489 0.157334 0.448781 0.155816
13 0.625617 0.159378 0.657739 0.163627 0.657659 0.149048 0.641028 0.146852 0.613047 0.143777 0.585173 0.143636 0.552823 0.143127 0.525519 0.140655 0.524795 0.157159 0.549694 0.157369 0.588342 0.158397 0.625617 0.159378
10 0.649023 0.139586 0.663720 0.139652 0.668545 0.127673 0.651431 0.123313 0.647733 0.126177 0.646309 0.129142 0.646411 0.136245 0.649023 0.139586
4 0.581527 0.169700 0.582161 0.173145 0.584227 0.175289 0.587641 0.175844 0.590102 0.174798 0.592166 0.172789 0.593673 0.169903 0.593991 0.167098 0.593027 0.164266 0.592152 0.162181 0.587259 0.161503 0.583778 0.163444 0.581848 0.166856 0.581527 0.169700
4 0.398456 0.169273 0.400283 0.172211 0.402981 0.173958 0.405998 0.173877 0.408697 0.172028 0.410286 0.169381 0.410761 0.166258 0.410441 0.162289 0.407389 0.160200 0.404220 0.159603 0.401433 0.161337 0.399264 0.163402 0.398139 0.166100 0.398456 0.169273
2 0.455153 0.094639 0.522052 0.095347 0.581430 0.096250 0.609441 0.095255 0.655062 0.092709 0.680339 0.091931 0.679308 0.086931 0.675700 0.071716 0.674278 0.064619 0.674639 0.061823 0.673447 0.058966 0.661819 0.058533 0.637061 0.059695 0.600916 0.061103 0.564064 0.062595 0.448903 0.060752 0.392784 0.060675 0.353092 0.058908 0.328119 0.059141 0.320644 0.091320 0.353205 0.093139 0.394073 0.094434 0.455153 0.094639
3 0.360017 0.097956 0.360517 0.102095 0.374459 0.102984 0.374552 0.099134 0.374170 0.096191 0.374553 0.083881 0.374658 0.065669 0.376661 0.062286 0.378042 0.059745 0.361800 0.059798 0.363661 0.063144 0.363870 0.071192 0.362031 0.091673 0.360017 0.097956
3 0.501386 0.103105 0.502289 0.100020 0.502566 0.082480 0.502645 0.064255 0.501567 0.062481 0.500450 0.060934 0.489267 0.061836 0.489817 0.074183 0.489503 0.097997 0.489564 0.103166 0.501386 0.103105
3 0.623698 0.090466 0.621453 0.098891 0.621389 0.102216 0.635094 0.102875 0.635458 0.092825 0.635555 0.081519 0.635294 0.070072 0.634217 0.062464 0.634531 0.059991 0.621491 0.060253 0.623381 0.066466 0.624130 0.073773 0.624130 0.082580 0.623698 0.090466
7 0.437055 0.940800 0.449002 0.940053 0.451198 0.916058 0.425172 0.917242 0.403448 0.917280 0.376428 0.916139 0.345625 0.913833 0.307784 0.912173 0.307989 0.937292 0.343102 0.938572 0.390261 0.939880 0.437055 0.940800
7 0.674345 0.938117 0.695270 0.936528 0.695389 0.914778 0.670292 0.916563 0.640583 0.917506 0.598428 0.919222 0.566873 0.920514 0.549172 0.921617 0.552017 0.941770 0.590297 0.941255 0.630250 0.940269 0.674345 0.938117