14 0.295477 0.239363 0.289028 0.284777 0.284295 0.377847 0.281248 0.453723 0.283275 0.458448 0.281467 0.482850 0.277384 0.596134 0.273350 0.788242 0.272372 0.889008 0.272169 0.911698 0.334850 0.916027 0.387928 0.920281 0.439836 0.924886 0.449828 0.867058 0.463981 0.781058 0.478773 0.675175 0.488167 0.609883 0.496581 0.569017 0.501208 0.553034 0.506042 0.578702 0.521642 0.667023 0.534586 0.750858 0.555117 0.883358 0.562945 0.924819 0.642895 0.916584 0.694278 0.910356 0.729942 0.907228 0.730255 0.846922 0.727588 0.715903 0.723406 0.584409 0.717386 0.452016 0.718848 0.449283 0.716856 0.414320 0.712367 0.333794 0.714055 0.332086 0.712170 0.292548 0.708581 0.254981 0.701222 0.189061 0.692747 0.134472 0.689264 0.123222 0.682075 0.084689 0.670923 0.087319 0.641864 0.088859 0.611108 0.090089 0.515889 0.090877 0.442305 0.091103 0.388677 0.090028 0.350259 0.087491 0.320019 0.086145 0.318159 0.092245 0.312770 0.121408 0.306220 0.164731 0.295477 0.239363
13 0.666586 0.142325 0.666131 0.128511 0.625727 0.127981 0.574306 0.129678 0.527395 0.128958 0.529391 0.141845 0.566264 0.143980 0.621108 0.142909 0.666586 0.142325
10 0.642880 0.102797 0.637273 0.118853 0.665081 0.118022 0.668667 0.103097 0.642880 0.102797
7 0.436039 0.947689 0.440922 0.923191 0.399845 0.919633 0.357070 0.915031 0.306464 0.912269 0.271284 0.910558 0.271105 0.934192 0.335617 0.940906 0.406586 0.945608 0.436039 0.947689
7 0.730614 0.929995 0.731311 0.906030 0.692436 0.909578 0.632103 0.915711 0.562063 0.923959 0.567820 0.947948 0.616809 0.942523 0.677230 0.937520 0.730614 0.929995
13 0.675355 0.468853 0.718983 0.471889 0.717841 0.452173 0.719886 0.449419 0.714722 0.373159 0.712722 0.333731 0.714314 0.330864 0.711287 0.283142 0.673687 0.285434 0.676327 0.326688 0.676142 0.375770 0.678178 0.440786 0.675355 0.468853
13 0.281761 0.454042 0.283272 0.458352 0.280967 0.475611 0.330523 0.476580 0.333136 0.470988 0.329384 0.428292 0.327977 0.353611 0.329263 0.305345 0.330523 0.285283 0.289075 0.283794 0.286747 0.333084 0.283184 0.388425 0.281761 0.454042
2 0.495789 0.091072 0.537753 0.091064 0.575120 0.090958 0.606758 0.090264 0.636544 0.089612 0.668003 0.087536 0.683178 0.085391 0.677098 0.068761 0.672395 0.054998 0.653005 0.056214 0.634020 0.057375 0.616419 0.057309 0.614405 0.058980 0.585702 0.058545 0.523770 0.059252 0.455058 0.058952 0.401597 0.058017 0.361392 0.055317 0.330409 0.052498 0.319008 0.085747 0.351983 0.088309 0.418777 0.090716 0.495789 0.091072
3 0.378094 0.085889 0.380375 0.070772 0.383241 0.057036 0.371741 0.056542 0.366114 0.080619 0.364827 0.097891 0.376981 0.097802 0.378094 0.085889
3 0.503530 0.091220 0.503605 0.082964 0.504862 0.075248 0.505328 0.059080 0.492505 0.059269 0.491466 0.072739 0.491461 0.096613 0.504767 0.096189 0.503530 0.091220
3 0.632831 0.096320 0.631716 0.076795 0.627878 0.056961 0.614673 0.058481 0.616289 0.064577 0.617553 0.077008 0.619820 0.096208 0.632831 0.096320