14 0.146659 0.179602 0.145655 0.187395 0.146045 0.193595 0.123900 0.299986 0.111031 0.373492 0.084489 0.559617 0.071467 0.669567 0.050845 0.821397 0.126309 0.840573 0.212139 0.863553 0.318822 0.884328 0.388034 0.898447 0.449850 0.909855 0.494809 0.916183 0.500981 0.854355 0.510606 0.761017 0.519422 0.700039 0.524092 0.809359 0.531480 0.907217 0.534077 0.922458 0.602775 0.914156 0.690089 0.908094 0.747756 0.899044 0.864508 0.871884 0.954294 0.844044 0.950133 0.794491 0.942375 0.701752 0.936778 0.607258 0.925359 0.511697 0.914298 0.391170 0.906100 0.313256 0.897425 0.245656 0.886034 0.176633 0.869206 0.117684 0.861823 0.082348 0.805577 0.082966 0.740698 0.083803 0.649542 0.081547 0.547358 0.077356 0.477608 0.080803 0.377794 0.081003 0.245705 0.078561 0.173705 0.082367 0.160520 0.124222 0.149834 0.160703 0.151200 0.166939 0.146659 0.179602
13 0.280053 0.242808 0.309147 0.239869 0.353466 0.236497 0.395306 0.233197 0.442259 0.232148 0.438567 0.198161 0.405900 0.194736 0.391839 0.194233 0.384950 0.197350 0.346655 0.198894 0.311553 0.202833 0.288434 0.205675 0.257830 0.201672 0.234733 0.197966 0.222680 0.196336 0.214933 0.232680 0.241998 0.236719 0.268595 0.242353 0.280053 0.242808
13 0.746856 0.235509 0.790483 0.237331 0.805259 0.237819 0.804130 0.201953 0.788594 0.197416 0.754145 0.197034 0.700169 0.197505 0.647725 0.198673 0.615033 0.198386 0.592745 0.194641 0.580892 0.190008 0.571491 0.228598 0.609719 0.237883 0.688530 0.236134 0.746856 0.235509
4 0.682491 0.219409 0.684859 0.222964 0.688942 0.224544 0.692364 0.224542 0.694602 0.222008 0.695523 0.219745 0.696708 0.215758 0.697367 0.212697 0.695633 0.208441 0.689841 0.207675 0.686091 0.209670 0.683691 0.212433 0.683156 0.214408 0.682491 0.219409
4 0.324805 0.227139 0.327006 0.222703 0.326600 0.217522 0.325484 0.214595 0.323358 0.211466 0.318794 0.209805 0.312900 0.216397 0.314402 0.222722 0.320561 0.227044 0.324805 0.227139
2 0.557284 0.083469 0.682594 0.087008 0.795409 0.084645 0.820928 0.083317 0.863372 0.083831 0.858891 0.066161 0.853509 0.030589 0.844519 0.018217 0.812630 0.017908 0.741742 0.018072 0.631214 0.018131 0.569053 0.017284 0.520345 0.016958 0.437598 0.017655 0.313428 0.018402 0.268106 0.020117 0.272247 0.017617 0.255673 0.016623 0.215653 0.016523 0.189391 0.016195 0.182492 0.035533 0.180194 0.049928 0.173202 0.079227 0.233695 0.085027 0.343173 0.085317 0.557284 0.083469
3 0.233475 0.108302 0.232572 0.119089 0.254534 0.119791 0.257019 0.081966 0.257397 0.057452 0.257830 0.041691 0.258730 0.037141 0.260031 0.034405 0.262531 0.029348 0.266022 0.024431 0.271769 0.015905 0.242275 0.016291 0.239853 0.022048 0.237430 0.045166 0.235258 0.083558 0.233475 0.108302
3 0.525967 0.109006 0.526895 0.090294 0.527552 0.064950 0.528159 0.031166 0.535680 0.019608 0.537473 0.015895 0.515919 0.016291 0.509214 0.026855 0.507914 0.074425 0.506555 0.107330 0.525967 0.109006
3 0.778942 0.120333 0.781009 0.122555 0.802827 0.119398 0.800684 0.110756 0.797870 0.082378 0.797236 0.062872 0.796527 0.042502 0.797880 0.018834 0.797777 0.016605 0.772975 0.016652 0.774384 0.021756 0.775336 0.037250 0.777448 0.085786 0.778942 0.120333
10 0.241783 0.844823 0.253653 0.780083 0.150339 0.758947 0.139744 0.745600 0.102298 0.743664 0.062720 0.778911 0.077078 0.815470 0.187502 0.835166 0.241783 0.844823
7 0.080589 0.897366 0.140339 0.908656 0.201655 0.923181 0.304072 0.941264 0.396803 0.959427 0.480955 0.977133 0.486844 0.967883 0.490778 0.938645 0.493861 0.917225 0.426433 0.907033 0.359164 0.892139 0.274189 0.875153 0.201445 0.860177 0.128856 0.841183 0.075066 0.828923 0.049870 0.822306 0.047220 0.849266 0.042970 0.874620 0.039655 0.882486 0.080589 0.897366
7 0.640628 0.977878 0.687520 0.969116 0.765322 0.956959 0.820792 0.944866 0.864286 0.936908 0.924525 0.922258 0.956614 0.910408 0.959014 0.897636 0.955923 0.853052 0.953858 0.844359 0.900650 0.855270 0.829023 0.876073 0.755278 0.894539 0.696206 0.903464 0.598020 0.911383 0.534094 0.916572 0.534767 0.923534 0.541195 0.981923 0.564870 0.978528 0.592069 0.978705 0.640628 0.977878