14 0.305214 0.282805 0.298538 0.465361 0.294086 0.550338 0.287380 0.730778 0.282428 0.831047 0.279486 0.914658 0.362083 0.923069 0.404377 0.925509 0.444827 0.925539 0.452481 0.856017 0.467348 0.740316 0.485112 0.611548 0.495008 0.515772 0.499327 0.466416 0.503859 0.515877 0.512691 0.575431 0.521270 0.648227 0.530603 0.732273 0.546569 0.864439 0.554602 0.923653 0.556009 0.931641 0.584847 0.930983 0.632808 0.924723 0.722647 0.914152 0.719034 0.840589 0.716252 0.766164 0.710850 0.624931 0.705794 0.508834 0.700098 0.385598 0.695444 0.301159 0.692122 0.250613 0.685191 0.176975 0.678423 0.134152 0.665652 0.089034 0.635297 0.090691 0.601628 0.093070 0.554191 0.095598 0.469286 0.096905 0.422583 0.093586 0.381831 0.091528 0.333637 0.090245 0.324770 0.125394 0.318248 0.163720 0.311505 0.225027 0.305214 0.282805
13 0.349637 0.274228 0.356839 0.236672 0.366891 0.181473 0.373736 0.139905 0.375789 0.124191 0.361302 0.124350 0.351605 0.176741 0.341191 0.237109 0.335528 0.271242 0.349637 0.274228
13 0.675830 0.265258 0.665941 0.220939 0.654170 0.171744 0.642361 0.123156 0.627134 0.124225 0.636180 0.161423 0.648172 0.214948 0.659769 0.269172 0.675830 0.265258
10 0.688345 0.306814 0.674444 0.284570 0.657594 0.285109 0.645481 0.311267 0.646989 0.332931 0.684058 0.328155 0.688345 0.306814
7 0.418305 0.948808 0.440787 0.949031 0.441872 0.946097 0.443986 0.925544 0.417653 0.924981 0.382052 0.922230 0.350650 0.918805 0.314897 0.914173 0.289152 0.911078 0.279570 0.911272 0.278770 0.914291 0.276480 0.935977 0.322748 0.941320 0.371898 0.946102 0.418305 0.948808
7 0.674188 0.941514 0.714094 0.936966 0.725689 0.933722 0.722992 0.913306 0.692697 0.916855 0.660455 0.920455 0.631877 0.924127 0.601556 0.927053 0.569495 0.928370 0.556186 0.928364 0.557408 0.949402 0.584906 0.949537 0.624411 0.946653 0.674188 0.941514
9 0.285283 0.930577 0.286900 0.929961 0.287434 0.927042 0.285591 0.926897 0.283237 0.927058 0.279047 0.926914 0.278241 0.925681 0.279317 0.924069 0.279739 0.922347 0.279917 0.917273 0.278778 0.915380 0.277500 0.913723 0.276267 0.912089 0.276830 0.910266 0.277669 0.907753 0.278138 0.907278 0.279356 0.908917 0.279917 0.907781 0.279917 0.904853 0.280058 0.902489 0.279820 0.901586 0.278256 0.901255 0.277592 0.898461 0.276975 0.897464 0.275222 0.896942 0.273220 0.898416 0.271987 0.900242 0.271892 0.901600 0.271703 0.904008 0.271809 0.907819 0.271523 0.911577 0.270481 0.912514 0.269484 0.913919 0.268867 0.915277 0.269195 0.917478 0.270947 0.920778 0.273687 0.925894 0.274848 0.928422 0.277322 0.929966 0.280172 0.930480 0.285283 0.930577
1 0.274341 0.911269 0.275123 0.910095 0.276002 0.907964 0.276595 0.905823 0.276650 0.903319 0.276431 0.900784 0.275389 0.899195 0.273895 0.900953 0.273669 0.905894 0.273609 0.911244 0.274341 0.911269
9 0.726216 0.924444 0.728219 0.924047 0.731469 0.923795 0.732106 0.920728 0.732067 0.919309 0.730738 0.917827 0.728673 0.917016 0.727472 0.916256 0.727697 0.908488 0.727192 0.905123 0.725788 0.901495 0.723677 0.899852 0.722203 0.899403 0.722105 0.903416 0.723822 0.904381 0.724803 0.905366 0.725547 0.907486 0.725939 0.911630 0.726111 0.914892 0.724730 0.911266 0.722983 0.907875 0.722120 0.907289 0.721730 0.908911 0.721691 0.910820 0.722902 0.912623 0.723867 0.913706 0.724370 0.914711 0.724019 0.915483 0.722300 0.915598 0.722533 0.920350 0.722570 0.923172 0.720278 0.924636 0.717294 0.925995 0.714397 0.926181 0.714639 0.929269 0.716211 0.930264 0.725484 0.926033 0.726216 0.924444
2 0.450066 0.095377 0.496900 0.096728 0.552039 0.095402 0.596427 0.092730 0.640405 0.090492 0.666111 0.089414 0.663587 0.080106 0.659234 0.062103 0.655248 0.049989 0.602075 0.051534 0.565705 0.052980 0.520947 0.054948 0.450275 0.055095 0.400908 0.053955 0.343803 0.052691 0.333645 0.089450 0.378078 0.092666 0.419339 0.093894 0.450066 0.095377
11 0.486562 0.075605 0.486955 0.073978 0.486530 0.072117 0.484847 0.069989 0.482947 0.068866 0.479655 0.068995 0.477611 0.070056 0.475934 0.072152 0.475939 0.074303 0.476762 0.076689 0.478172 0.078219 0.480072 0.078747 0.482156 0.079183 0.485228 0.077427 0.486562 0.075605
11 0.522434 0.077555 0.524031 0.076820 0.525086 0.075278 0.525689 0.073333 0.525652 0.071859 0.523561 0.070103 0.521244 0.068556 0.518831 0.068420 0.516142 0.069556 0.515219 0.073345 0.516284 0.075572 0.518100 0.077284 0.520908 0.077747 0.522434 0.077555
9 0.480213 0.077766 0.482338 0.080756 0.483075 0.085553 0.483659 0.101298 0.484003 0.110291 0.484416 0.120097 0.484414 0.135070 0.484411 0.170164 0.483544 0.221692 0.483158 0.233544 0.481473 0.257080 0.481161 0.276577 0.481186 0.281656 0.482016 0.284666 0.482148 0.287775 0.482137 0.303434 0.483872 0.305164 0.485563 0.304989 0.486722 0.302731 0.486998 0.286159 0.486623 0.252617 0.487847 0.242002 0.488881 0.204859 0.489442 0.161630 0.489884 0.114994 0.489514 0.106483 0.489014 0.085286 0.488203 0.079566 0.485766 0.074589 0.484081 0.072466 0.482827 0.071056 0.481206 0.070939 0.479233 0.071336 0.478316 0.072597 0.478158 0.074666 0.479128 0.075983 0.480213 0.077766
9 0.514202 0.087441 0.514084 0.092003 0.514123 0.098967 0.514123 0.107952 0.514511 0.118273 0.516158 0.123239 0.516620 0.133270 0.518781 0.152406 0.520216 0.179180 0.521009 0.201058 0.521591 0.227084 0.521323 0.249450 0.519947 0.255748 0.519194 0.259805 0.518234 0.267723 0.517984 0.293622 0.518102 0.295709 0.518462 0.304320 0.518578 0.308127 0.519002 0.310784 0.519506 0.312373 0.522017 0.313227 0.524497 0.312330 0.523659 0.294480 0.522386 0.271747 0.523016 0.263778 0.524359 0.251509 0.525861 0.242536 0.526600 0.207855 0.526300 0.183230 0.523769 0.162513 0.521567 0.133667 0.520022 0.116756 0.518606 0.111833 0.518381 0.088148 0.519580 0.079470 0.520791 0.077191 0.521759 0.076016 0.522573 0.074958 0.522806 0.073355 0.522728 0.071667 0.519647 0.070653 0.517928 0.073302 0.515975 0.077248 0.515080 0.081731 0.514202 0.087441