14 0.228731 0.413764 0.220366 0.469287 0.204622 0.531108 0.190945 0.609403 0.184523 0.643045 0.179352 0.680972 0.175398 0.703128 0.207689 0.715491 0.284427 0.734089 0.347678 0.751777 0.406069 0.763045 0.467536 0.777900 0.482459 0.731812 0.500594 0.653378 0.511506 0.706827 0.532952 0.775031 0.586703 0.763783 0.687473 0.740666 0.794370 0.710287 0.835914 0.699647 0.815527 0.604781 0.795016 0.496652 0.772647 0.408497 0.748744 0.303392 0.726066 0.241664 0.700827 0.246016 0.617178 0.253789 0.545919 0.256047 0.482922 0.257339 0.431852 0.256748 0.373794 0.257244 0.328277 0.252166 0.293767 0.248750 0.276770 0.243948 0.275509 0.250802 0.265822 0.269489 0.256161 0.304314 0.240716 0.360505 0.228731 0.413764
7 0.274719 0.745364 0.371392 0.768244 0.416569 0.780242 0.444652 0.786989 0.462709 0.790880 0.468456 0.774473 0.449795 0.769709 0.423148 0.763091 0.385472 0.755303 0.352519 0.747948 0.325727 0.742314 0.266148 0.727919 0.233403 0.719350 0.203248 0.712023 0.175398 0.702927 0.171597 0.715489 0.187473 0.723487 0.232458 0.734598 0.274719 0.745364
7 0.699202 0.753614 0.762984 0.737041 0.803270 0.724306 0.835889 0.713872 0.831461 0.696030 0.804628 0.703923 0.746898 0.719213 0.711622 0.728875 0.675197 0.738477 0.627912 0.749886 0.580539 0.763753 0.532291 0.774656 0.538044 0.793834 0.570544 0.785513 0.631594 0.770708 0.699202 0.753614
10 0.739900 0.658877 0.731530 0.720517 0.788414 0.704381 0.790758 0.648514 0.739900 0.658877
13 0.556050 0.391459 0.560758 0.428531 0.565862 0.460597 0.569461 0.485992 0.578183 0.516086 0.589269 0.538908 0.604359 0.552130 0.625833 0.559303 0.650917 0.559761 0.696417 0.547772 0.744430 0.531533 0.778930 0.518003 0.776552 0.493258 0.769009 0.466709 0.761067 0.437744 0.756039 0.416634 0.744425 0.396603 0.718194 0.349520 0.703256 0.320448 0.681198 0.269842 0.672125 0.254380 0.620077 0.254686 0.568898 0.254967 0.548573 0.255892 0.544530 0.254597 0.544622 0.287280 0.544503 0.315441 0.549611 0.354311 0.556050 0.391459
13 0.373355 0.547853 0.406053 0.538189 0.418336 0.525283 0.428442 0.503078 0.435503 0.462036 0.440042 0.397564 0.444822 0.339719 0.446772 0.302466 0.445986 0.257538 0.417991 0.259558 0.366002 0.257856 0.320275 0.253884 0.310650 0.271322 0.293358 0.312317 0.270950 0.360705 0.243831 0.420944 0.235022 0.461797 0.222095 0.509730 0.248670 0.523794 0.300138 0.540798 0.346452 0.549467 0.373355 0.547853
2 0.290820 0.254698 0.317367 0.258223 0.361020 0.260373 0.399928 0.261842 0.450820 0.258789 0.490423 0.258536 0.546483 0.259752 0.604530 0.257998 0.645753 0.256347 0.660847 0.257463 0.697278 0.252603 0.723056 0.246133 0.705497 0.204189 0.683517 0.204763 0.625144 0.207022 0.558200 0.209112 0.512634 0.209228 0.468348 0.210698 0.435592 0.211450 0.418105 0.209914 0.381356 0.209605 0.347262 0.207089 0.295797 0.204714 0.284252 0.233305 0.278370 0.245789 0.276806 0.251123 0.290820 0.254698
11 0.468827 0.240077 0.469131 0.245717 0.473492 0.248514 0.477080 0.248456 0.481684 0.245280 0.482094 0.240725 0.481306 0.236434 0.477498 0.234377 0.471703 0.235495 0.468827 0.240077
11 0.518747 0.245183 0.522352 0.243961 0.523795 0.240906 0.524208 0.236792 0.521577 0.232053 0.515544 0.232103 0.512647 0.234919 0.511858 0.238520 0.512984 0.242094 0.515353 0.244770 0.518747 0.245183
9 0.482881 0.283731 0.483417 0.302244 0.485858 0.327805 0.487253 0.367522 0.486819 0.397248 0.487192 0.431852 0.487439 0.459345 0.485653 0.475961 0.485389 0.490356 0.484556 0.510211 0.481480 0.525062 0.479934 0.541261 0.478522 0.555942 0.478944 0.567053 0.484361 0.566530 0.484772 0.555594 0.485075 0.538117 0.488095 0.519806 0.490911 0.498977 0.492323 0.475581 0.493506 0.456773 0.493142 0.422302 0.494470 0.373045 0.492911 0.326009 0.489683 0.303847 0.490584 0.263628 0.487830 0.255536 0.485192 0.246098 0.481686 0.241258 0.477572 0.238683 0.475408 0.239803 0.474002 0.243005 0.477902 0.249566 0.482041 0.257798 0.483295 0.270834 0.482881 0.283731
9 0.510317 0.298106 0.512680 0.326027 0.514198 0.374052 0.517220 0.407203 0.520102 0.459266 0.522455 0.485047 0.524569 0.521523 0.523744 0.533311 0.525261 0.550606 0.529256 0.552723 0.533294 0.552562 0.532236 0.533997 0.532236 0.525631 0.530528 0.484975 0.527184 0.447203 0.524633 0.409488 0.522484 0.372258 0.520367 0.345616 0.517436 0.318839 0.516028 0.287839 0.515103 0.269559 0.516595 0.252556 0.518727 0.244309 0.521272 0.240503 0.520855 0.236289 0.518105 0.235220 0.512345 0.239589 0.510000 0.248553 0.506936 0.274305 0.510317 0.298106