14 0.276027 0.358661 0.276467 0.364419 0.269392 0.410391 0.259597 0.491195 0.247836 0.614516 0.219691 0.847775 0.285942 0.860067 0.369277 0.870820 0.448964 0.877439 0.560816 0.877439 0.670067 0.868637 0.748277 0.850095 0.780269 0.847197 0.770094 0.765872 0.754733 0.635742 0.741484 0.511352 0.723053 0.368739 0.726848 0.361709 0.720019 0.344550 0.711006 0.297709 0.700616 0.295787 0.682155 0.199381 0.671058 0.139522 0.648578 0.141164 0.589502 0.143298 0.516209 0.142572 0.451469 0.144047 0.383333 0.141594 0.348231 0.140741 0.330120 0.137009 0.317395 0.206898 0.301934 0.296409 0.285991 0.298303 0.276027 0.358661
7 0.448830 0.898619 0.521856 0.898452 0.600208 0.893666 0.706911 0.879533 0.752080 0.873970 0.784278 0.868592 0.779514 0.846378 0.738392 0.850541 0.703673 0.859598 0.645077 0.870448 0.579105 0.876983 0.492856 0.875722 0.425669 0.876017 0.357773 0.870272 0.287355 0.859478 0.219539 0.846545 0.216172 0.872003 0.279878 0.881494 0.364183 0.891645 0.448830 0.898619
6 0.231141 0.880964 0.231727 0.884342 0.233611 0.887070 0.235820 0.887981 0.233981 0.888955 0.234045 0.890189 0.234566 0.892594 0.235927 0.894634 0.238331 0.893252 0.240345 0.893641 0.241645 0.892983 0.242945 0.890227 0.243009 0.888520 0.243009 0.886792 0.241956 0.885608 0.240772 0.885147 0.240836 0.883109 0.243109 0.882031 0.244409 0.881702 0.243984 0.879381 0.242769 0.876667 0.240733 0.875153 0.237270 0.874466 0.233259 0.873873 0.233583 0.874323 0.231598 0.874275 0.233834 0.876675 0.231667 0.878430 0.231141 0.880964
6 0.759319 0.882300 0.760194 0.884044 0.761819 0.884953 0.760172 0.886511 0.761992 0.888591 0.767264 0.889802 0.770616 0.887520 0.771072 0.884258 0.770031 0.881836 0.766545 0.879731 0.766055 0.876686 0.765463 0.873936 0.762161 0.871920 0.759478 0.870688 0.755278 0.872430 0.753439 0.876308 0.754444 0.880156 0.757305 0.881391 0.759319 0.882300
1 0.760727 0.878536 0.760094 0.875602 0.756136 0.877072 0.756133 0.879886 0.758998 0.880034 0.760727 0.878536
13 0.359545 0.506970 0.373881 0.462036 0.376497 0.419963 0.381561 0.351808 0.384273 0.342036 0.387622 0.336683 0.389891 0.312177 0.392191 0.292841 0.349314 0.292972 0.301664 0.295403 0.286075 0.298816 0.279820 0.341283 0.274703 0.359262 0.275819 0.362330 0.266973 0.433584 0.259848 0.488002 0.257684 0.517442 0.272042 0.518723 0.308259 0.521178 0.343417 0.521494 0.359545 0.506970
6 0.306581 0.344216 0.305481 0.343116 0.300742 0.345062 0.296503 0.347855 0.294933 0.346441 0.294067 0.345733 0.291569 0.345061 0.291331 0.343181 0.289216 0.344422 0.286859 0.346594 0.285289 0.348531 0.284739 0.349850 0.284739 0.351634 0.284423 0.352875 0.283327 0.354503 0.282227 0.355123 0.280970 0.356519 0.280420 0.357759 0.280420 0.358225 0.280730 0.358458 0.281195 0.358769 0.281970 0.359078 0.282980 0.359156 0.284144 0.358684 0.285384 0.358448 0.286470 0.358605 0.287245 0.358759 0.287711 0.359303 0.287005 0.359534 0.285905 0.359845 0.285355 0.360309 0.284883 0.361861 0.284803 0.362947 0.285114 0.363491 0.285889 0.364187 0.286897 0.364730 0.289644 0.365041 0.294805 0.366056 0.300425 0.360225 0.300336 0.355883 0.299458 0.350641 0.302005 0.349155 0.304564 0.347819 0.306425 0.346564 0.306581 0.344216
13 0.722941 0.365366 0.726217 0.360677 0.719916 0.341953 0.715712 0.319828 0.711764 0.297955 0.679178 0.296025 0.648303 0.293091 0.601767 0.288069 0.604808 0.333277 0.602383 0.334755 0.607227 0.358578 0.609698 0.430570 0.613312 0.474194 0.621292 0.496377 0.629617 0.506666 0.661730 0.512095 0.703220 0.516342 0.740366 0.515286 0.734073 0.457897 0.728114 0.399953 0.722941 0.365366
10 0.620402 0.437255 0.624928 0.467022 0.689128 0.458108 0.681094 0.425092 0.620402 0.437255
6 0.692153 0.358580 0.692584 0.363033 0.695967 0.367242 0.695384 0.368153 0.693353 0.369986 0.693194 0.372816 0.696591 0.373722 0.701975 0.372452 0.706434 0.374297 0.707380 0.368133 0.707017 0.362556 0.707039 0.359105 0.705472 0.356600 0.706719 0.353648 0.708452 0.352208 0.708809 0.348770 0.707934 0.346831 0.706209 0.346844 0.704186 0.347620 0.701367 0.348859 0.701125 0.348908 0.698114 0.351695 0.691806 0.347497 0.685680 0.345889 0.685059 0.347730 0.696392 0.355494 0.693270 0.356519 0.692153 0.358580
2 0.483222 0.143956 0.550347 0.144791 0.625048 0.142775 0.670278 0.140689 0.661592 0.101373 0.636656 0.103305 0.572528 0.104855 0.517733 0.105075 0.435022 0.104383 0.342389 0.101731 0.331244 0.136947 0.361444 0.143834 0.417006 0.145037 0.483222 0.143956