14 0.189700 0.409091 0.180694 0.526489 0.164575 0.767844 0.160405 0.830416 0.161291 0.850488 0.194269 0.853962 0.285677 0.852634 0.382033 0.851930 0.480005 0.856831 0.694656 0.852938 0.816808 0.851364 0.837847 0.847438 0.835247 0.801827 0.830758 0.723733 0.821798 0.640008 0.814541 0.551362 0.805469 0.441258 0.793214 0.348781 0.785572 0.283655 0.778305 0.246558 0.771086 0.199052 0.750214 0.133923 0.733961 0.131459 0.705100 0.133066 0.656412 0.135880 0.594100 0.140063 0.523783 0.144553 0.511716 0.143541 0.503238 0.140691 0.472200 0.140353 0.380384 0.140456 0.305945 0.133014 0.271197 0.132017 0.239964 0.127869 0.229394 0.127700 0.233250 0.132327 0.223697 0.161825 0.203559 0.274737 0.198314 0.325923 0.189700 0.409091
13 0.275533 0.219313 0.318580 0.212025 0.346377 0.197184 0.357488 0.184572 0.363959 0.167681 0.361931 0.154469 0.360836 0.147484 0.362475 0.143236 0.359731 0.140245 0.356866 0.139216 0.346795 0.139167 0.347041 0.147456 0.348322 0.157864 0.347961 0.167755 0.322169 0.167009 0.286544 0.167413 0.256939 0.166702 0.256878 0.190706 0.259153 0.208473 0.241311 0.208734 0.221198 0.208997 0.219839 0.212473 0.219158 0.217134 0.220817 0.219300 0.275533 0.219313
13 0.678545 0.213591 0.709342 0.217791 0.738348 0.217881 0.761778 0.217356 0.769456 0.215306 0.769014 0.208159 0.762541 0.206473 0.751150 0.208248 0.723973 0.208209 0.700781 0.206170 0.686702 0.203859 0.673636 0.199977 0.661827 0.192781 0.650055 0.178748 0.646275 0.170198 0.642661 0.159359 0.642553 0.145786 0.639191 0.137780 0.627892 0.138595 0.633084 0.173606 0.643784 0.190044 0.658511 0.202798 0.678545 0.213591
6 0.769695 0.208541 0.767822 0.207277 0.764689 0.206363 0.761502 0.207430 0.761314 0.211369 0.763006 0.214667 0.765972 0.216086 0.769431 0.215133 0.770259 0.212477 0.770259 0.210648 0.769695 0.208541
6 0.630456 0.138911 0.626519 0.141327 0.628245 0.145273 0.632598 0.147830 0.637889 0.148541 0.642230 0.145720 0.642569 0.142197 0.640911 0.138781 0.637603 0.138372 0.633777 0.138198 0.630456 0.138911
6 0.258077 0.170900 0.256720 0.174144 0.257713 0.176580 0.260347 0.179052 0.264917 0.179406 0.268302 0.178216 0.270811 0.175095 0.271759 0.171973 0.269556 0.167953 0.264077 0.167988 0.260795 0.169055 0.258077 0.170900
6 0.350436 0.141105 0.349313 0.143161 0.351055 0.146264 0.354531 0.147680 0.360220 0.147577 0.361834 0.146522 0.361703 0.142753 0.360872 0.140050 0.356187 0.139091 0.353619 0.139091 0.350436 0.141105
6 0.218931 0.216219 0.220483 0.219913 0.224341 0.220403 0.227855 0.219495 0.229441 0.217173 0.229727 0.215134 0.228508 0.213167 0.226914 0.211198 0.224573 0.210312 0.222852 0.211934 0.219494 0.214091 0.218931 0.216219
7 0.192705 0.907188 0.193225 0.912427 0.226369 0.912266 0.241697 0.910117 0.269502 0.912683 0.311411 0.912244 0.348961 0.911352 0.387275 0.910444 0.458128 0.911781 0.501413 0.907477 0.511816 0.909802 0.560789 0.909538 0.567766 0.908880 0.606062 0.908938 0.655831 0.908963 0.698461 0.910148 0.711344 0.912091 0.735228 0.910920 0.755280 0.910348 0.776548 0.909434 0.786486 0.912572 0.832355 0.909434 0.845744 0.905930 0.843413 0.891784 0.841450 0.870844 0.840669 0.847648 0.809394 0.851966 0.717439 0.853480 0.661741 0.851756 0.611609 0.853781 0.542716 0.857470 0.482773 0.857130 0.431998 0.855109 0.377167 0.852947 0.320581 0.852789 0.263781 0.853009 0.209247 0.854428 0.159723 0.848880 0.159495 0.893534 0.159366 0.908327 0.187517 0.910467 0.192705 0.907188
12 0.463770 0.291956 0.471105 0.298294 0.488408 0.306309 0.505773 0.309161 0.505731 0.280116 0.505005 0.224677 0.505664 0.172372 0.508389 0.144194 0.504191 0.140527 0.484609 0.139484 0.452334 0.139969 0.452914 0.181056 0.454078 0.255323 0.457744 0.279430 0.463770 0.291956
2 0.335506 0.135981 0.378425 0.140344 0.424069 0.140430 0.479816 0.139595 0.503333 0.140237 0.508239 0.143784 0.526698 0.143305 0.564084 0.142355 0.600894 0.140345 0.631034 0.138467 0.685331 0.135769 0.716564 0.133845 0.740478 0.132423 0.751511 0.135595 0.744523 0.120166 0.738077 0.103830 0.735628 0.090631 0.705580 0.094906 0.658566 0.097348 0.637409 0.098934 0.597756 0.100373 0.556481 0.101777 0.522394 0.104737 0.506806 0.105923 0.505459 0.100919 0.486666 0.099416 0.419481 0.099613 0.346505 0.096937 0.296123 0.096138 0.257786 0.094081 0.242737 0.091764 0.238819 0.099398 0.238659 0.105694 0.235205 0.111269 0.236298 0.117308 0.233986 0.121356 0.232994 0.128566 0.279681 0.133070 0.307987 0.134322 0.335506 0.135981
3 0.377645 0.152909 0.378681 0.140180 0.380242 0.116264 0.382914 0.098213 0.360855 0.096777 0.363952 0.098828 0.363095 0.113800 0.360939 0.152223 0.377645 0.152909
8 0.474489 0.116798 0.473898 0.122161 0.476462 0.127605 0.484002 0.129689 0.489659 0.128895 0.496025 0.125944 0.497616 0.118902 0.495297 0.113409 0.490622 0.110805 0.486702 0.110716 0.479359 0.112125 0.474489 0.116798
8 0.611152 0.149234 0.613420 0.151745 0.627041 0.151838 0.628572 0.138328 0.627570 0.122045 0.626442 0.102923 0.625450 0.097669 0.602852 0.099406 0.606970 0.102797 0.609416 0.108773 0.611372 0.137166 0.611152 0.149234