14 0.294473 0.290217 0.290500 0.313172 0.281641 0.340367 0.281019 0.350820 0.273094 0.381600 0.274277 0.398602 0.272517 0.407605 0.267269 0.432305 0.268439 0.439727 0.265595 0.444011 0.262933 0.467583 0.261119 0.493977 0.255733 0.527317 0.252117 0.556613 0.247777 0.575891 0.247317 0.606677 0.241572 0.636045 0.236334 0.660539 0.236381 0.684459 0.234133 0.691848 0.230525 0.726659 0.229458 0.732794 0.227886 0.741070 0.228281 0.755498 0.226389 0.766911 0.224094 0.795495 0.222423 0.838097 0.225137 0.855225 0.219342 0.865269 0.249894 0.872950 0.352764 0.882736 0.403505 0.886073 0.433025 0.888217 0.434614 0.874617 0.439509 0.850961 0.440787 0.834516 0.444555 0.813628 0.452208 0.774575 0.458863 0.731112 0.461761 0.690141 0.464147 0.664594 0.470305 0.644264 0.476891 0.606005 0.478600 0.592236 0.480537 0.586662 0.479170 0.583048 0.479753 0.580127 0.482625 0.581030 0.484762 0.558473 0.483355 0.545919 0.480441 0.536077 0.483959 0.529087 0.487408 0.500397 0.489405 0.488069 0.493280 0.491250 0.493212 0.475777 0.490898 0.460159 0.497648 0.448150 0.502897 0.435214 0.502630 0.440637 0.503891 0.447395 0.507414 0.453973 0.505855 0.469759 0.507941 0.481672 0.508769 0.485325 0.520088 0.515931 0.517938 0.527078 0.513659 0.552756 0.511314 0.566658 0.513075 0.573194 0.517889 0.588948 0.525103 0.610094 0.526781 0.624478 0.528869 0.647609 0.531591 0.660002 0.530253 0.666673 0.537025 0.690581 0.546561 0.744328 0.553598 0.787759 0.554153 0.806744 0.555878 0.817852 0.560680 0.833500 0.565061 0.861677 0.565717 0.876266 0.566987 0.889264 0.608872 0.886431 0.653817 0.882564 0.706495 0.877614 0.751491 0.871273 0.794359 0.860163 0.791198 0.805995 0.783356 0.752613 0.778366 0.705341 0.776825 0.683805 0.773091 0.657895 0.769177 0.631939 0.768095 0.613250 0.768703 0.600625 0.767869 0.594391 0.764389 0.582227 0.759959 0.567975 0.764012 0.563617 0.766625 0.558194 0.767706 0.552147 0.766539 0.546488 0.763919 0.535450 0.755042 0.494828 0.750036 0.469016 0.749088 0.457673 0.750533 0.451998 0.749909 0.432934 0.748419 0.420811 0.743406 0.400305 0.741780 0.376902 0.736331 0.354069 0.726428 0.321164 0.724095 0.308695 0.719667 0.291848 0.718495 0.279917 0.714741 0.271198 0.706678 0.246094 0.695445 0.211758 0.685927 0.182717 0.666045 0.136825 0.655397 0.116981 0.651302 0.114731 0.651214 0.112597 0.651128 0.108381 0.644311 0.107225 0.637081 0.107345 0.629517 0.108197 0.620345 0.110503 0.611458 0.113809 0.610302 0.112920 0.596392 0.115481 0.579808 0.113941 0.565433 0.113942 0.558942 0.116336 0.539338 0.117727 0.527377 0.116733 0.515228 0.118084 0.508650 0.115441 0.495567 0.114197 0.486433 0.116723 0.468153 0.116573 0.444759 0.114478 0.431511 0.111434 0.417045 0.112230 0.389300 0.110859 0.377950 0.110103 0.364050 0.104441 0.357737 0.104441 0.347292 0.105797 0.343775 0.113958 0.344748 0.117605 0.338981 0.126656 0.334977 0.134252 0.332512 0.144195 0.323000 0.178694 0.312236 0.211994 0.301891 0.249102 0.300575 0.256714 0.299698 0.262641 0.295620 0.275784 0.294473 0.290217
13 0.294608 0.290781 0.291895 0.305145 0.284980 0.329186 0.281456 0.340805 0.281105 0.348825 0.276552 0.367645 0.272859 0.382466 0.274091 0.396502 0.271995 0.408859 0.268036 0.426623 0.268308 0.432511 0.289200 0.428161 0.304895 0.429856 0.311291 0.397216 0.321327 0.334191 0.328881 0.279913 0.331788 0.255130 0.325131 0.251478 0.315269 0.252109 0.306589 0.254713 0.300417 0.257441 0.299075 0.263555 0.295377 0.275438 0.294608 0.290781
13 0.688694 0.389688 0.700920 0.430625 0.741277 0.423527 0.750098 0.428283 0.745950 0.410180 0.742759 0.397569 0.742333 0.377739 0.737044 0.355636 0.727336 0.324102 0.720744 0.293694 0.718497 0.275589 0.706552 0.248542 0.693317 0.247555 0.680948 0.248959 0.667272 0.253269 0.667753 0.281580 0.673347 0.310789 0.674922 0.330625 0.688694 0.389688
7 0.274073 0.900291 0.314542 0.904395 0.345734 0.906936 0.379620 0.909217 0.418827 0.912414 0.425297 0.911883 0.429445 0.907878 0.432322 0.899909 0.433077 0.886941 0.400288 0.884827 0.366000 0.882831 0.334306 0.880894 0.303014 0.877214 0.245658 0.871519 0.219956 0.865539 0.218695 0.886806 0.219889 0.889381 0.231144 0.893300 0.274073 0.900291
7 0.581172 0.911198 0.594134 0.910164 0.626428 0.909239 0.680863 0.905017 0.714048 0.900725 0.747613 0.896691 0.773952 0.891620 0.794441 0.886797 0.795739 0.880291 0.794259 0.858984 0.775681 0.864309 0.750481 0.870736 0.719405 0.875369 0.686631 0.878719 0.656675 0.882102 0.622741 0.884517 0.584394 0.887736 0.566916 0.888778 0.568442 0.900109 0.568309 0.907644 0.570781 0.911311 0.581172 0.911198
13 0.430095 0.193912 0.442645 0.194536 0.455739 0.193705 0.476397 0.193300 0.478359 0.182831 0.477433 0.175523 0.467830 0.176198 0.453892 0.177833 0.435589 0.177631 0.415967 0.172528 0.401200 0.170078 0.384852 0.166488 0.377908 0.165662 0.370486 0.167516 0.366483 0.183364 0.391225 0.185283 0.412727 0.189764 0.430095 0.193912
13 0.584827 0.178948 0.594459 0.178448 0.603463 0.178794 0.613814 0.179445 0.626778 0.177337 0.626503 0.170619 0.623908 0.161383 0.614672 0.160978 0.602284 0.160677 0.584714 0.162047 0.568816 0.163605 0.555081 0.168108 0.541708 0.173173 0.531928 0.174580 0.525078 0.175134 0.518734 0.179491 0.519142 0.195114 0.542677 0.189116 0.563972 0.183344 0.584827 0.178948
10 0.587580 0.182055 0.593789 0.202670 0.618977 0.201673 0.624508 0.182002 0.587580 0.182055
2 0.348073 0.094044 0.346617 0.098584 0.346367 0.100805 0.345023 0.103608 0.345025 0.109327 0.347898 0.105253 0.356961 0.104983 0.367577 0.106439 0.375480 0.109567 0.381172 0.111653 0.392719 0.112555 0.412886 0.113981 0.431912 0.114088 0.438080 0.114967 0.453250 0.116272 0.466434 0.117439 0.478011 0.116848 0.483511 0.118184 0.489175 0.117278 0.492587 0.116187 0.497836 0.115252 0.507656 0.115906 0.512459 0.118481 0.518867 0.118998 0.525662 0.116881 0.530677 0.118663 0.538197 0.118739 0.555245 0.118173 0.566573 0.114473 0.577725 0.116564 0.596423 0.116762 0.611191 0.114672 0.620939 0.112167 0.631613 0.109869 0.643109 0.109136 0.651319 0.108845 0.649156 0.103941 0.648570 0.096514 0.646498 0.095337 0.647005 0.089767 0.642917 0.085700 0.642591 0.080497 0.639412 0.076563 0.632478 0.077012 0.626413 0.079345 0.622505 0.080889 0.605570 0.082733 0.592948 0.082841 0.582634 0.085281 0.568381 0.085708 0.560842 0.084694 0.549641 0.086813 0.528639 0.086230 0.521703 0.086984 0.512864 0.087058 0.505814 0.084686 0.490913 0.084802 0.479555 0.084731 0.462816 0.086034 0.435025 0.084925 0.404497 0.083723 0.381542 0.082364 0.371244 0.077444 0.362883 0.075361 0.356369 0.075237 0.352459 0.076216 0.350444 0.079391 0.350373 0.083973 0.348439 0.089100 0.348073 0.094044
3 0.379070 0.091623 0.380459 0.081391 0.379203 0.078231 0.373864 0.076302 0.368933 0.077538 0.369009 0.081109 0.368169 0.086541 0.368005 0.093895 0.365684 0.097167 0.364128 0.101358 0.364128 0.105467 0.364022 0.108152 0.363356 0.112177 0.362177 0.116164 0.370166 0.122959 0.373239 0.116395 0.375698 0.105827 0.379070 0.091623
3 0.494198 0.128903 0.497936 0.129678 0.503569 0.129411 0.505202 0.128398 0.505906 0.123416 0.507270 0.102875 0.506828 0.084320 0.503061 0.083259 0.496114 0.083786 0.493064 0.084766 0.495372 0.087895 0.494705 0.101463 0.494569 0.115781 0.494198 0.128903
3 0.615972 0.102750 0.617945 0.115006 0.618284 0.122342 0.620138 0.125539 0.626123 0.122119 0.629177 0.120253 0.627241 0.108105 0.623077 0.089973 0.621709 0.081673 0.620023 0.079727 0.610856 0.080081 0.607447 0.081916 0.611287 0.084431 0.613194 0.088427 0.615972 0.102750