14 0.319133 0.355658 0.311283 0.479706 0.305905 0.572155 0.295203 0.735220 0.287980 0.841773 0.283872 0.901234 0.308870 0.902119 0.348550 0.906081 0.388070 0.911752 0.418595 0.913381 0.432306 0.914937 0.438281 0.871572 0.448122 0.798469 0.461639 0.702844 0.472280 0.635786 0.483605 0.567997 0.492317 0.528373 0.499789 0.507141 0.506997 0.526173 0.519302 0.591011 0.540656 0.712598 0.551998 0.796234 0.561727 0.871077 0.569322 0.914447 0.602284 0.909988 0.637184 0.904805 0.670544 0.901181 0.716133 0.899178 0.712822 0.834111 0.704122 0.727961 0.696891 0.613111 0.691698 0.503367 0.684928 0.421873 0.679398 0.323994 0.671144 0.233711 0.661439 0.168133 0.647623 0.113478 0.636473 0.115567 0.626536 0.116859 0.606114 0.118353 0.589384 0.117750 0.560003 0.119352 0.533855 0.121019 0.507225 0.121756 0.476609 0.122333 0.420473 0.121236 0.379633 0.119377 0.352373 0.116230 0.341027 0.156956 0.332473 0.204139 0.324852 0.279697 0.319133 0.355658
7 0.429497 0.931597 0.432211 0.912716 0.406147 0.910291 0.383770 0.908206 0.341644 0.904527 0.299308 0.900408 0.283678 0.900823 0.282936 0.916267 0.314894 0.919211 0.378905 0.926161 0.429497 0.931597
7 0.709230 0.916897 0.718717 0.915059 0.717069 0.897702 0.690167 0.899164 0.663555 0.901012 0.626391 0.905634 0.568959 0.914814 0.573008 0.930203 0.610692 0.926736 0.660080 0.921303 0.709230 0.916897
16 0.294627 0.925253 0.295187 0.926937 0.295059 0.930692 0.294491 0.934094 0.292806 0.939583 0.291477 0.942891 0.291556 0.945216 0.289200 0.946980 0.288306 0.949066 0.291114 0.953075 0.293198 0.952991 0.291980 0.949830 0.294227 0.947155 0.295375 0.943359 0.297372 0.934647 0.297964 0.924881 0.300116 0.923833 0.300394 0.921830 0.301477 0.916428 0.300462 0.905170 0.301814 0.894391 0.302173 0.881208 0.304420 0.856897 0.305577 0.830939 0.307934 0.805202 0.310222 0.781673 0.310748 0.762997 0.312839 0.729978 0.315253 0.697402 0.317280 0.671039 0.319841 0.631155 0.323394 0.591559 0.327442 0.543441 0.330411 0.513387 0.331797 0.493016 0.326155 0.494991 0.322402 0.529409 0.318316 0.577366 0.313783 0.623428 0.312206 0.666081 0.309009 0.698958 0.305186 0.762222 0.300514 0.802948 0.299222 0.858136 0.295056 0.895053 0.293236 0.917084 0.294803 0.919480 0.293667 0.921483 0.293342 0.923730 0.294627 0.925253
16 0.680298 0.621770 0.682180 0.648981 0.685670 0.690813 0.687230 0.721666 0.689069 0.754942 0.691611 0.786106 0.693311 0.808045 0.696573 0.830802 0.696858 0.849739 0.699144 0.880916 0.700009 0.905678 0.699783 0.916256 0.700503 0.917688 0.700106 0.921033 0.699661 0.921752 0.698725 0.922383 0.700303 0.924723 0.701841 0.924834 0.701931 0.927342 0.703053 0.933864 0.702884 0.938514 0.704316 0.942766 0.705633 0.946211 0.707298 0.948503 0.705117 0.949902 0.708167 0.954947 0.709545 0.954786 0.709791 0.954064 0.708427 0.951980 0.710619 0.950377 0.710783 0.948931 0.707975 0.944441 0.706420 0.937219 0.704805 0.924136 0.706267 0.923897 0.706998 0.921731 0.704672 0.917481 0.707352 0.916603 0.705619 0.893692 0.702477 0.836623 0.696812 0.783739 0.693295 0.709970 0.687670 0.636562 0.681636 0.570731 0.673998 0.504241 0.668392 0.504297 0.671669 0.529120 0.675134 0.570852 0.680298 0.621770
10 0.634628 0.706844 0.629878 0.731989 0.663019 0.726278 0.666825 0.704916 0.634628 0.706844
2 0.495864 0.122789 0.531342 0.122009 0.560989 0.119583 0.609467 0.117444 0.632378 0.115805 0.647898 0.113655 0.636731 0.080841 0.601705 0.083455 0.571825 0.083430 0.520984 0.085522 0.459730 0.085522 0.404467 0.083589 0.365264 0.082006 0.353433 0.115883 0.418716 0.121155 0.465073 0.122581 0.495864 0.122789
16 0.347684 0.196933 0.343956 0.219048 0.341408 0.253711 0.340527 0.268325 0.346144 0.268716 0.347358 0.249820 0.348058 0.230969 0.350731 0.210977 0.356144 0.185445 0.359897 0.170275 0.363911 0.153127 0.368217 0.132753 0.373319 0.116998 0.369533 0.115136 0.365830 0.115681 0.360548 0.135520 0.355422 0.159558 0.353005 0.175156 0.347684 0.196933
16 0.635673 0.196998 0.639580 0.222164 0.643728 0.255466 0.645739 0.268238 0.652678 0.265412 0.649900 0.244714 0.646930 0.221028 0.641530 0.191941 0.638947 0.171167 0.634189 0.155422 0.630005 0.138527 0.626158 0.126011 0.626234 0.118070 0.625031 0.115908 0.619164 0.116253 0.620744 0.130053 0.624970 0.140523 0.631528 0.169153 0.635673 0.196998
12 0.518223 0.229117 0.521297 0.200917 0.521756 0.177355 0.521778 0.152947 0.521452 0.134122 0.520159 0.122755 0.495292 0.122298 0.497167 0.124967 0.496786 0.192748 0.494170 0.246113 0.511236 0.238020 0.518223 0.229117
9 0.494995 0.103908 0.499141 0.104539 0.491227 0.105202 0.491466 0.108039 0.496581 0.109181 0.494584 0.112759 0.491092 0.117909 0.486317 0.128992 0.485603 0.138417 0.488933 0.144309 0.494609 0.146847 0.499955 0.145847 0.504358 0.142928 0.507208 0.136064 0.507347 0.127252 0.505916 0.120330 0.505222 0.113628 0.506064 0.110847 0.510764 0.110903 0.511603 0.108427 0.511842 0.106434 0.511720 0.105167 0.509239 0.103531 0.512673 0.103200 0.520727 0.103130 0.521045 0.100002 0.510927 0.100995 0.505033 0.102566 0.499752 0.102505 0.496845 0.100508 0.489805 0.099669 0.482906 0.098941 0.484097 0.103797 0.488052 0.103048 0.492553 0.102986 0.494995 0.103908
14 0.495883 0.143197 0.497045 0.142345 0.497089 0.122297 0.494056 0.122447 0.488817 0.131827 0.488527 0.137802 0.491072 0.141934 0.495883 0.143197
12 0.503678 0.132523 0.503039 0.125720 0.502258 0.122214 0.497377 0.122269 0.497298 0.143912 0.500498 0.141261 0.502419 0.138072 0.503678 0.132523
2 0.500455 0.111169 0.494533 0.122152 0.502314 0.121995 0.501630 0.110731 0.500455 0.111169