14 0.269605 0.288530 0.256848 0.318084 0.244333 0.348064 0.228816 0.396619 0.219205 0.430480 0.210244 0.467314 0.206081 0.495598 0.198219 0.519927 0.196087 0.528152 0.200695 0.529863 0.201548 0.556877 0.199469 0.584381 0.199123 0.620834 0.197669 0.641869 0.197002 0.663887 0.266572 0.682191 0.321966 0.695414 0.368363 0.705866 0.406470 0.717152 0.440170 0.725864 0.459945 0.732705 0.472589 0.733969 0.477959 0.707803 0.487416 0.662564 0.489486 0.648364 0.495442 0.642816 0.502397 0.639894 0.507531 0.639491 0.512008 0.642255 0.514955 0.660247 0.519000 0.689394 0.524747 0.718213 0.526256 0.724320 0.545259 0.720730 0.571527 0.713923 0.610583 0.704550 0.657019 0.694003 0.700459 0.685247 0.738788 0.677552 0.778217 0.666845 0.781805 0.655256 0.784905 0.615070 0.787595 0.571864 0.784331 0.540434 0.799072 0.539498 0.797737 0.528111 0.792742 0.509052 0.788859 0.500720 0.785659 0.479148 0.775494 0.443069 0.763141 0.395748 0.748145 0.352391 0.737386 0.317848 0.717934 0.282572 0.703191 0.265683 0.701677 0.253505 0.684870 0.256984 0.655605 0.265352 0.627195 0.274161 0.594456 0.282270 0.563827 0.288016 0.521019 0.293444 0.496791 0.296355 0.472995 0.294755 0.444817 0.289508 0.414598 0.283931 0.390159 0.277186 0.351205 0.265436 0.332733 0.260959 0.311541 0.255505 0.290980 0.253716 0.289761 0.262595 0.282581 0.265884 0.276180 0.274198 0.269605 0.288530
7 0.186002 0.592680 0.185998 0.601894 0.181116 0.612561 0.177291 0.635070 0.175469 0.655481 0.173072 0.672680 0.180466 0.674159 0.182067 0.678159 0.204306 0.684545 0.233559 0.693069 0.258458 0.699391 0.299506 0.708444 0.335164 0.716314 0.393473 0.731642 0.433533 0.742555 0.442305 0.745095 0.441327 0.748859 0.455252 0.747795 0.468427 0.750280 0.472423 0.732928 0.455408 0.727142 0.417145 0.716772 0.360983 0.702039 0.314234 0.691220 0.257806 0.678284 0.197067 0.661741 0.199494 0.614623 0.200231 0.583094 0.201098 0.547061 0.201145 0.529789 0.195741 0.529316 0.191845 0.550489 0.186912 0.566809 0.187580 0.579892 0.186002 0.592680
10 0.351570 0.676480 0.324725 0.671505 0.255309 0.654388 0.208331 0.640519 0.204780 0.656537 0.256234 0.670820 0.349881 0.692002 0.351570 0.676480
5 0.281094 0.750044 0.315198 0.755580 0.321302 0.756080 0.323803 0.758780 0.326905 0.759480 0.330406 0.758466 0.336152 0.760713 0.356491 0.766194 0.391031 0.775275 0.418033 0.783013 0.431556 0.785136 0.435408 0.767903 0.441473 0.746706 0.418781 0.737411 0.386758 0.728430 0.352906 0.718948 0.322922 0.712363 0.303059 0.707777 0.267214 0.700619 0.236116 0.693230 0.232145 0.712113 0.227230 0.734541 0.247655 0.741203 0.281094 0.750044
7 0.617312 0.721827 0.656695 0.713119 0.697588 0.704106 0.737684 0.695948 0.757756 0.692373 0.758495 0.696903 0.788627 0.689844 0.809366 0.686080 0.815644 0.679934 0.818984 0.678425 0.820352 0.659188 0.816444 0.638108 0.811869 0.624459 0.806930 0.613469 0.804855 0.585734 0.801230 0.554713 0.799488 0.539520 0.788506 0.539419 0.784253 0.540456 0.784606 0.551355 0.785553 0.579614 0.784600 0.615331 0.782470 0.643867 0.777578 0.664398 0.758455 0.670084 0.721927 0.677323 0.678128 0.686239 0.645548 0.693744 0.601658 0.704731 0.568545 0.711911 0.544177 0.717087 0.524944 0.721030 0.532244 0.740295 0.557202 0.736139 0.586489 0.729236 0.617312 0.721827
10 0.723508 0.648066 0.730855 0.668275 0.771516 0.659773 0.776064 0.637906 0.723508 0.648066
5 0.623208 0.761402 0.651439 0.756261 0.685734 0.749217 0.727753 0.740941 0.746481 0.737345 0.760641 0.735244 0.765144 0.734327 0.762205 0.711492 0.757883 0.691719 0.730652 0.696048 0.685459 0.705878 0.612970 0.722031 0.561055 0.734958 0.544358 0.737348 0.560906 0.782372 0.582677 0.769144 0.604870 0.766636 0.623208 0.761402
13 0.725778 0.424217 0.740802 0.448695 0.756075 0.472245 0.766775 0.466947 0.753252 0.439044 0.731847 0.399125 0.706645 0.355964 0.694159 0.335273 0.679811 0.307566 0.661055 0.284409 0.648008 0.295819 0.674808 0.335909 0.688081 0.363327 0.707705 0.395961 0.725778 0.424217
13 0.273684 0.371717 0.294702 0.337166 0.316837 0.309306 0.336959 0.287184 0.325498 0.279647 0.308436 0.297508 0.291805 0.320423 0.282587 0.336091 0.270400 0.356264 0.250836 0.393577 0.231723 0.433892 0.225392 0.447656 0.234919 0.459413 0.243459 0.439352 0.255305 0.406570 0.273684 0.371717
2 0.345684 0.263109 0.390395 0.278341 0.430350 0.287055 0.465919 0.293191 0.492070 0.296941 0.520981 0.293708 0.566223 0.286880 0.618847 0.276952 0.650573 0.266858 0.686306 0.256723 0.699942 0.254227 0.699816 0.249111 0.698053 0.244411 0.698009 0.234230 0.695431 0.228973 0.694094 0.222644 0.692223 0.213306 0.683116 0.213622 0.670348 0.217661 0.646573 0.218036 0.623567 0.220173 0.588842 0.223702 0.552505 0.228095 0.512481 0.228275 0.485259 0.229887 0.466983 0.228944 0.419370 0.226630 0.377053 0.222236 0.347891 0.220556 0.327897 0.220494 0.310209 0.216681 0.298766 0.214994 0.295662 0.220858 0.294137 0.228966 0.291191 0.237911 0.291266 0.243181 0.289484 0.254261 0.300084 0.254608 0.314848 0.256573 0.345684 0.263109
16 0.663369 0.308802 0.667159 0.314581 0.670417 0.315545 0.671977 0.312812 0.671484 0.310059 0.666880 0.301777 0.664663 0.300856 0.664775 0.298381 0.662831 0.295955 0.659978 0.294377 0.658631 0.294402 0.658456 0.298769 0.661341 0.302955 0.661155 0.304945 0.663369 0.308802
16 0.320941 0.303094 0.325444 0.298384 0.327766 0.295466 0.327830 0.291488 0.330813 0.288227 0.330902 0.285959 0.329462 0.286094 0.327380 0.288937 0.325661 0.290220 0.323159 0.291047 0.321398 0.293294 0.319130 0.296156 0.316597 0.299928 0.313509 0.302416 0.313155 0.305167 0.314548 0.307655 0.317391 0.307323 0.320941 0.303094