14 0.297291 0.283984 0.293153 0.306561 0.293814 0.314245 0.289767 0.325011 0.286003 0.352777 0.287108 0.357758 0.280048 0.374377 0.273591 0.403400 0.270733 0.445341 0.266927 0.487441 0.269995 0.487042 0.265041 0.505527 0.260030 0.573055 0.252158 0.668656 0.236481 0.866673 0.236073 0.875531 0.246056 0.874023 0.266867 0.878566 0.312273 0.886486 0.339294 0.888855 0.389294 0.894800 0.436877 0.901928 0.449627 0.826816 0.464095 0.739788 0.479213 0.668531 0.481898 0.670273 0.487836 0.636953 0.500153 0.571355 0.508977 0.520836 0.514505 0.550705 0.522861 0.606367 0.530133 0.652084 0.541509 0.689808 0.551467 0.741202 0.562581 0.803719 0.574023 0.863731 0.580633 0.893933 0.586916 0.891595 0.602850 0.890628 0.629661 0.887734 0.666231 0.880027 0.698989 0.873480 0.722673 0.872906 0.752722 0.867734 0.777389 0.868705 0.777295 0.855039 0.775377 0.833230 0.771220 0.792777 0.771541 0.768281 0.769319 0.728891 0.765769 0.668736 0.764194 0.631730 0.758877 0.587033 0.751708 0.535408 0.746814 0.485739 0.744987 0.471197 0.746016 0.470797 0.743134 0.457275 0.742184 0.436233 0.739441 0.416397 0.736119 0.401230 0.734219 0.397041 0.727644 0.355383 0.725709 0.342492 0.723945 0.340255 0.726319 0.336975 0.720958 0.316686 0.720636 0.315486 0.720905 0.310480 0.719959 0.295628 0.717012 0.279259 0.713413 0.262408 0.705512 0.223641 0.695700 0.190598 0.684962 0.162598 0.673088 0.137305 0.667283 0.126269 0.660273 0.112383 0.651555 0.111644 0.638530 0.114986 0.626916 0.121417 0.613520 0.124503 0.610795 0.124898 0.594358 0.124727 0.579412 0.123263 0.565789 0.128858 0.546109 0.131042 0.518323 0.129034 0.495236 0.128964 0.494070 0.133027 0.483772 0.133105 0.443648 0.130086 0.422034 0.129800 0.404984 0.124855 0.385459 0.120077 0.359731 0.119011 0.347727 0.117820 0.345234 0.119241 0.333630 0.143228 0.319892 0.200327 0.306327 0.238863 0.297291 0.283984
7 0.275391 0.903503 0.281373 0.903073 0.300427 0.906181 0.330127 0.909492 0.370706 0.914023 0.406834 0.916906 0.431881 0.920150 0.435106 0.901741 0.429117 0.898077 0.398062 0.894891 0.356019 0.889125 0.338650 0.886423 0.326897 0.887578 0.296020 0.883083 0.267777 0.877572 0.244787 0.873828 0.235831 0.876848 0.234834 0.894941 0.244641 0.895461 0.249255 0.898583 0.275391 0.903503
7 0.617541 0.911559 0.642761 0.907947 0.677591 0.904027 0.717744 0.899892 0.741222 0.897727 0.763716 0.894402 0.777577 0.890552 0.778323 0.888836 0.778364 0.868697 0.762925 0.868236 0.744292 0.868788 0.720983 0.872547 0.696520 0.873738 0.670595 0.879125 0.658112 0.881697 0.634623 0.886766 0.604255 0.890414 0.590422 0.891239 0.585333 0.892503 0.581064 0.895259 0.584830 0.912084 0.590622 0.913766 0.602459 0.913778 0.617541 0.911559
13 0.347361 0.496384 0.351302 0.494736 0.354130 0.489197 0.360164 0.455394 0.365020 0.420683 0.368919 0.388314 0.372881 0.359645 0.378998 0.324213 0.380541 0.312864 0.372512 0.310914 0.358594 0.307412 0.341384 0.303827 0.322494 0.302344 0.308447 0.299641 0.302431 0.299716 0.293400 0.303984 0.292794 0.309400 0.293558 0.315708 0.289637 0.323983 0.288723 0.331906 0.287431 0.342653 0.286041 0.351470 0.287077 0.357167 0.281695 0.369686 0.277036 0.386342 0.272094 0.412564 0.270177 0.446355 0.266772 0.486847 0.279267 0.486780 0.305255 0.490109 0.331069 0.492936 0.347361 0.496384
9 0.292883 0.357247 0.294044 0.358666 0.292448 0.360245 0.292087 0.361825 0.292087 0.364259 0.293427 0.366069 0.296139 0.365877 0.295800 0.368366 0.294497 0.373247 0.292369 0.378055 0.290345 0.381117 0.289433 0.382295 0.287567 0.382453 0.287367 0.383558 0.288158 0.384506 0.288316 0.385336 0.285319 0.389758 0.280014 0.398978 0.276295 0.408236 0.275631 0.415777 0.277067 0.423719 0.279920 0.427842 0.285948 0.428678 0.291978 0.424827 0.296898 0.418289 0.298780 0.412725 0.299823 0.406950 0.300150 0.393277 0.300117 0.383484 0.300881 0.370230 0.301070 0.366600 0.303955 0.366544 0.304506 0.363994 0.305020 0.362795 0.305889 0.361520 0.306047 0.359802 0.306006 0.358564 0.305767 0.357072 0.305047 0.356072 0.303691 0.355352 0.302170 0.354872 0.302283 0.353077 0.302525 0.350720 0.300613 0.350702 0.300119 0.353136 0.300041 0.355080 0.300119 0.355988 0.298731 0.356441 0.298372 0.353994 0.297855 0.352434 0.297056 0.351556 0.295727 0.351352 0.295566 0.352931 0.295881 0.354472 0.296395 0.356209 0.296672 0.357394 0.296153 0.357908 0.295155 0.358619 0.294714 0.357142 0.294233 0.355348 0.293833 0.354030 0.293114 0.352834 0.294497 0.351636 0.295091 0.350322 0.294491 0.349722 0.293611 0.349919 0.291148 0.350806 0.290347 0.351437 0.288736 0.352544 0.288058 0.353453 0.287617 0.354322 0.287297 0.355586 0.287416 0.356731 0.287772 0.357244 0.287956 0.357139 0.290005 0.355156 0.291544 0.355098 0.292453 0.355492 0.292883 0.357247
13 0.287689 0.424430 0.293262 0.419791 0.295494 0.415866 0.297277 0.410150 0.297350 0.398563 0.297372 0.388478 0.297473 0.383852 0.293475 0.388945 0.294145 0.390331 0.294327 0.391217 0.293127 0.391950 0.290909 0.391656 0.288678 0.395523 0.283336 0.403939 0.279791 0.410383 0.277727 0.412086 0.278398 0.418736 0.279814 0.422775 0.282816 0.425595 0.287689 0.424430
13 0.645973 0.484295 0.648183 0.488053 0.671884 0.485313 0.724755 0.476291 0.742217 0.470083 0.745750 0.471122 0.746063 0.465659 0.743861 0.456512 0.742287 0.431386 0.741384 0.422481 0.737734 0.407028 0.733047 0.395447 0.727612 0.354347 0.724714 0.340408 0.727002 0.337147 0.724803 0.324850 0.720139 0.311887 0.719981 0.294342 0.717278 0.285792 0.709820 0.286834 0.701417 0.289416 0.689672 0.288114 0.677200 0.287750 0.656152 0.292438 0.641486 0.297505 0.618675 0.307453 0.626259 0.353042 0.628777 0.373600 0.639845 0.437148 0.645973 0.484295
9 0.699659 0.347467 0.701158 0.348153 0.703122 0.351611 0.704323 0.359475 0.704705 0.368845 0.706053 0.377577 0.708553 0.384939 0.712102 0.393048 0.714191 0.396506 0.716370 0.399402 0.717914 0.403269 0.723977 0.408947 0.727597 0.410834 0.729658 0.410013 0.730281 0.407933 0.730155 0.404892 0.724789 0.399495 0.718586 0.394073 0.715155 0.388823 0.712559 0.382545 0.711662 0.374311 0.712347 0.370245 0.711875 0.363697 0.709689 0.356502 0.707753 0.348300 0.711523 0.347036 0.712147 0.344892 0.711911 0.341706 0.710648 0.339436 0.706831 0.338714 0.700461 0.339027 0.697345 0.339014 0.696103 0.342172 0.696164 0.344739 0.696727 0.348037 0.699659 0.347467
13 0.363906 0.178241 0.379902 0.139269 0.384036 0.132142 0.373097 0.127909 0.363948 0.141744 0.349977 0.177059 0.336142 0.204994 0.314039 0.242833 0.322352 0.252495 0.331234 0.239186 0.351983 0.202634 0.363906 0.178241
13 0.672927 0.251978 0.681700 0.244505 0.678731 0.228592 0.664125 0.210850 0.638684 0.174852 0.621250 0.143183 0.615702 0.136981 0.605748 0.143063 0.623273 0.179209 0.641389 0.205800 0.659980 0.230613 0.672927 0.251978
2 0.348580 0.100800 0.347267 0.106088 0.348614 0.108011 0.346959 0.111089 0.344834 0.115823 0.344734 0.118709 0.368737 0.119183 0.386536 0.119566 0.404742 0.125025 0.418972 0.128048 0.445519 0.131173 0.495275 0.132955 0.496141 0.129464 0.516127 0.129747 0.536464 0.129672 0.542456 0.130952 0.565364 0.128677 0.579514 0.122934 0.596077 0.124569 0.609053 0.125713 0.622772 0.123277 0.638609 0.115511 0.647037 0.113161 0.662145 0.112358 0.657484 0.101033 0.655730 0.094725 0.653783 0.090841 0.651377 0.089098 0.650653 0.082388 0.647834 0.079177 0.645984 0.078203 0.629386 0.083625 0.605395 0.090131 0.583627 0.094644 0.577141 0.094312 0.564697 0.096325 0.535469 0.097683 0.504450 0.097253 0.483561 0.098000 0.456003 0.098977 0.430153 0.096977 0.407763 0.092119 0.381337 0.087534 0.367014 0.083914 0.353050 0.083011 0.351255 0.086850 0.350431 0.092066 0.350527 0.094934 0.348580 0.100800
3 0.408594 0.120423 0.409233 0.128441 0.408359 0.137803 0.418344 0.141709 0.419375 0.128062 0.420402 0.108698 0.420153 0.097423 0.416822 0.093223 0.408381 0.092483 0.409214 0.098953 0.409245 0.106241 0.408619 0.111755 0.408594 0.120423
3 0.571723 0.139503 0.582123 0.136856 0.581658 0.127670 0.580895 0.112520 0.580578 0.095556 0.578869 0.094103 0.569373 0.095738 0.569723 0.106989 0.570333 0.124386 0.570758 0.134638 0.571723 0.139503
4 0.501952 0.111359 0.502516 0.115300 0.505669 0.117936 0.508806 0.118783 0.511606 0.116859 0.512948 0.113869 0.514067 0.109909 0.512066 0.105941 0.508656 0.104806 0.504169 0.105709 0.502809 0.108745 0.501952 0.111359
12 0.495372 0.275405 0.509391 0.273517 0.521381 0.262786 0.523162 0.238514 0.521845 0.195842 0.522208 0.154320 0.521189 0.128223 0.495481 0.128505 0.494977 0.130275 0.495509 0.154800 0.496233 0.197892 0.496470 0.236133 0.495372 0.275405