14 0.287431 0.314531 0.283809 0.384573 0.281237 0.432164 0.279847 0.453650 0.280453 0.456961 0.279161 0.492472 0.278567 0.538945 0.273673 0.729603 0.271747 0.798045 0.272072 0.912538 0.296786 0.916042 0.346064 0.920283 0.391433 0.923391 0.438883 0.931034 0.450883 0.863205 0.473794 0.711456 0.488262 0.623484 0.497103 0.572253 0.500620 0.558736 0.507308 0.578292 0.520334 0.653627 0.529811 0.727106 0.552166 0.870636 0.562398 0.927323 0.584856 0.923067 0.630014 0.917059 0.722314 0.909955 0.729956 0.909952 0.730205 0.867186 0.729183 0.792731 0.728300 0.735592 0.725777 0.642242 0.719948 0.476998 0.718777 0.459681 0.720577 0.455278 0.717533 0.393758 0.712956 0.336789 0.713728 0.333537 0.711327 0.284508 0.705478 0.221481 0.698084 0.158681 0.686605 0.095292 0.682669 0.084473 0.654686 0.087723 0.610391 0.088495 0.528059 0.090542 0.455716 0.093431 0.393363 0.092384 0.346856 0.087614 0.321070 0.083595 0.310848 0.121197 0.300045 0.190911 0.293903 0.256669 0.287431 0.314531
7 0.388134 0.944172 0.414589 0.946569 0.435556 0.947180 0.439758 0.925394 0.414933 0.922717 0.387481 0.920600 0.348589 0.918241 0.304278 0.914884 0.272284 0.910970 0.272736 0.932711 0.292266 0.935447 0.342356 0.940050 0.388134 0.944172
7 0.707380 0.934944 0.730997 0.930678 0.730645 0.908398 0.689961 0.911831 0.643897 0.914742 0.592570 0.919334 0.561456 0.925142 0.566992 0.947909 0.597881 0.944572 0.652048 0.939539 0.707380 0.934944
13 0.630109 0.439780 0.632167 0.467127 0.632209 0.486059 0.682698 0.481719 0.721108 0.476727 0.719380 0.459091 0.720978 0.454427 0.718147 0.390084 0.713073 0.336269 0.714281 0.333220 0.711817 0.283706 0.698859 0.283825 0.675523 0.287727 0.634761 0.291020 0.613923 0.294823 0.618036 0.325777 0.622095 0.360295 0.627953 0.405659 0.630109 0.439780
13 0.372516 0.466534 0.377455 0.428409 0.385258 0.349106 0.390631 0.302527 0.391133 0.297452 0.378170 0.295361 0.351911 0.292716 0.328305 0.291103 0.304698 0.287091 0.291836 0.285156 0.289286 0.301591 0.286372 0.345767 0.283489 0.399139 0.282077 0.433341 0.279294 0.454044 0.280119 0.455878 0.280556 0.475544 0.305375 0.478828 0.354228 0.485794 0.373864 0.486455 0.372516 0.466534
13 0.349158 0.143222 0.359550 0.108823 0.365053 0.091670 0.356989 0.090639 0.354044 0.102083 0.347830 0.117378 0.335739 0.156348 0.330216 0.179673 0.322977 0.206409 0.315289 0.222745 0.310028 0.235622 0.314911 0.240745 0.324519 0.223338 0.334881 0.189786 0.349158 0.143222
13 0.691097 0.211928 0.704623 0.239366 0.702972 0.221627 0.687553 0.188869 0.662022 0.137291 0.640531 0.094648 0.631636 0.094670 0.650130 0.131627 0.668633 0.168019 0.691097 0.211928
2 0.482980 0.092547 0.556781 0.090130 0.601627 0.088866 0.652622 0.088614 0.683227 0.086777 0.677169 0.070919 0.670775 0.053244 0.645095 0.055222 0.610583 0.057183 0.522484 0.058620 0.478166 0.059389 0.413073 0.058517 0.369275 0.056627 0.332184 0.053616 0.320498 0.081572 0.362969 0.089192 0.408903 0.092580 0.482980 0.092547
3 0.390273 0.100272 0.400866 0.099527 0.401948 0.081952 0.403947 0.068173 0.405416 0.058067 0.394355 0.057250 0.393341 0.064827 0.391430 0.077292 0.390462 0.090794 0.390273 0.100272
3 0.594486 0.084203 0.589986 0.057403 0.576381 0.057612 0.580897 0.082559 0.582755 0.097053 0.597205 0.096631 0.594486 0.084203
12 0.508644 0.223977 0.516852 0.214513 0.521214 0.199031 0.518958 0.154673 0.517061 0.116406 0.515842 0.091323 0.486383 0.091692 0.488284 0.151233 0.490614 0.213420 0.492145 0.232319 0.508644 0.223977
8 0.491834 0.079780 0.495461 0.082070 0.500747 0.082208 0.503570 0.080220 0.504523 0.077695 0.504670 0.074922 0.504428 0.071847 0.501906 0.069567 0.500561 0.068817 0.496441 0.067891 0.493098 0.069698 0.491205 0.072759 0.490080 0.076181 0.491834 0.079780