14 0.292794 0.257173 0.281552 0.328822 0.273194 0.382037 0.270052 0.398561 0.270814 0.415412 0.267042 0.452514 0.263164 0.458119 0.267720 0.470597 0.261528 0.501600 0.257280 0.537416 0.257028 0.563559 0.253862 0.601558 0.248194 0.637989 0.245644 0.671577 0.239034 0.764020 0.234173 0.819702 0.231105 0.875266 0.251517 0.863308 0.274138 0.868598 0.345072 0.877431 0.418420 0.886470 0.458447 0.889047 0.460564 0.850447 0.470350 0.771000 0.479503 0.690147 0.488364 0.595186 0.491641 0.580936 0.494523 0.585259 0.494292 0.565681 0.493089 0.520244 0.495756 0.491930 0.494619 0.481489 0.500139 0.463112 0.501784 0.484842 0.509462 0.562169 0.510255 0.575666 0.511216 0.578069 0.515502 0.596259 0.521713 0.640387 0.539264 0.798558 0.540697 0.832892 0.547552 0.859431 0.547970 0.891687 0.560556 0.887548 0.615080 0.886189 0.703295 0.879473 0.762616 0.873959 0.782137 0.877619 0.776747 0.868714 0.780944 0.849664 0.775314 0.774959 0.771814 0.727389 0.765178 0.716223 0.766300 0.646252 0.765350 0.622788 0.759591 0.612834 0.756569 0.551886 0.753834 0.544223 0.753870 0.519291 0.748259 0.504387 0.749369 0.489773 0.743144 0.475169 0.746027 0.474195 0.741437 0.456053 0.744142 0.449872 0.745420 0.428506 0.741928 0.415991 0.746094 0.406336 0.741077 0.365017 0.730927 0.308141 0.727845 0.305384 0.729736 0.302000 0.722269 0.265555 0.705916 0.222900 0.702416 0.206123 0.690181 0.153827 0.675978 0.123681 0.671278 0.114628 0.665130 0.104722 0.663509 0.100517 0.654138 0.101373 0.634109 0.105611 0.608953 0.112505 0.571389 0.116817 0.527881 0.116681 0.498559 0.116645 0.484750 0.116325 0.460348 0.111308 0.439908 0.112100 0.416064 0.112794 0.404406 0.109591 0.376795 0.104322 0.358402 0.106400 0.348253 0.104616 0.342798 0.103795 0.336991 0.105850 0.337367 0.110708 0.322428 0.138939 0.308558 0.193336 0.292794 0.257173
7 0.285955 0.913109 0.329177 0.914913 0.369038 0.916159 0.409675 0.916894 0.437786 0.916048 0.449869 0.914862 0.455612 0.910925 0.458114 0.886333 0.426252 0.884273 0.381216 0.880167 0.326856 0.873225 0.255506 0.858525 0.230519 0.873962 0.229284 0.896928 0.234894 0.904073 0.256255 0.908502 0.285955 0.913109
7 0.574436 0.920273 0.589077 0.923427 0.615048 0.921444 0.664477 0.920852 0.725248 0.913864 0.760611 0.907172 0.768081 0.909973 0.770189 0.906308 0.779319 0.908177 0.784845 0.896778 0.780961 0.874877 0.775291 0.873100 0.761797 0.872881 0.720945 0.876114 0.664456 0.880836 0.606789 0.885316 0.563780 0.884691 0.553114 0.884923 0.548222 0.889117 0.551219 0.911105 0.554783 0.919811 0.558334 0.923466 0.574436 0.920273
13 0.634730 0.439461 0.670698 0.444250 0.722241 0.437752 0.740214 0.441781 0.738450 0.413311 0.740531 0.406597 0.740513 0.385228 0.726070 0.314850 0.718678 0.282069 0.715981 0.262217 0.707019 0.258589 0.696923 0.258586 0.676705 0.261278 0.644064 0.266816 0.615245 0.270566 0.601287 0.273491 0.603886 0.324544 0.610120 0.401119 0.613067 0.437852 0.634730 0.439461
10 0.611573 0.250997 0.612214 0.267366 0.648223 0.261431 0.650141 0.245536 0.611573 0.250997
13 0.270864 0.412622 0.267869 0.440597 0.272441 0.437894 0.277150 0.435278 0.286398 0.433577 0.294347 0.432416 0.322811 0.435931 0.347678 0.439408 0.373123 0.439634 0.386633 0.436169 0.389086 0.419919 0.392702 0.386738 0.397489 0.349030 0.403025 0.315045 0.407759 0.270530 0.363928 0.264912 0.336450 0.260592 0.318319 0.258250 0.302483 0.260825 0.292119 0.263759 0.282833 0.326652 0.272559 0.385767 0.270864 0.412622
2 0.360848 0.106881 0.376505 0.104203 0.397083 0.108652 0.412805 0.113014 0.451652 0.112322 0.461209 0.112391 0.472792 0.114155 0.488866 0.117248 0.498750 0.117334 0.525548 0.116986 0.543986 0.117209 0.578070 0.116545 0.599913 0.114252 0.609434 0.114236 0.638477 0.105120 0.662034 0.100173 0.665672 0.104795 0.661100 0.085302 0.660130 0.078747 0.654098 0.075239 0.645652 0.075339 0.631305 0.077467 0.608203 0.083952 0.596809 0.085119 0.593659 0.084231 0.585389 0.085016 0.584488 0.087002 0.582772 0.084055 0.561419 0.088231 0.543333 0.090167 0.531403 0.086941 0.515631 0.087720 0.499500 0.085180 0.500167 0.088989 0.492748 0.089853 0.478823 0.089328 0.466327 0.087656 0.456647 0.087264 0.444236 0.087625 0.435666 0.089053 0.421144 0.086387 0.407911 0.083453 0.401902 0.084245 0.372180 0.078058 0.357481 0.076319 0.345742 0.077355 0.342555 0.080559 0.340752 0.085234 0.341167 0.088561 0.339200 0.091458 0.339947 0.096494 0.337236 0.108211 0.344209 0.104227 0.350673 0.105141 0.360848 0.106881
3 0.404050 0.120145 0.404422 0.122528 0.414531 0.124961 0.416297 0.116659 0.418186 0.103223 0.417661 0.094998 0.416959 0.085038 0.412391 0.083909 0.403478 0.083295 0.404823 0.088248 0.406750 0.095769 0.406325 0.111100 0.404050 0.120145
3 0.589155 0.129678 0.599555 0.128816 0.600622 0.114905 0.598116 0.095325 0.596159 0.083016 0.585180 0.084750 0.586244 0.093502 0.587678 0.106992 0.588277 0.119898 0.589155 0.129678
12 0.518498 0.244963 0.526095 0.236392 0.528414 0.224442 0.529430 0.194409 0.529072 0.159309 0.529737 0.116256 0.502020 0.114075 0.501345 0.197039 0.498816 0.248528 0.507836 0.248527 0.518498 0.244963
8 0.508727 0.103662 0.511367 0.106381 0.515941 0.108387 0.520195 0.107528 0.522644 0.104817 0.522819 0.100797 0.520900 0.097048 0.517928 0.094817 0.516366 0.094089 0.512272 0.094541 0.509305 0.096891 0.508325 0.100358 0.508727 0.103662