14 0.190572 0.523858 0.171273 0.638989 0.165334 0.687031 0.231289 0.695631 0.330669 0.709836 0.411238 0.717141 0.487022 0.722061 0.560261 0.722397 0.659117 0.711706 0.784755 0.694027 0.830467 0.682623 0.822544 0.596533 0.814430 0.537711 0.800036 0.467819 0.781123 0.407478 0.765661 0.346212 0.743991 0.288631 0.731975 0.264316 0.697234 0.272736 0.660053 0.280930 0.600281 0.290922 0.523895 0.297645 0.446127 0.297456 0.387930 0.293364 0.322595 0.282144 0.267536 0.267663 0.258592 0.291697 0.241931 0.340086 0.214723 0.414314 0.190572 0.523858
7 0.362755 0.756941 0.455347 0.763278 0.515575 0.766322 0.608270 0.761914 0.712211 0.749897 0.798491 0.736744 0.835483 0.726272 0.839044 0.714928 0.831075 0.676881 0.784467 0.687405 0.728795 0.697592 0.654005 0.709470 0.582447 0.719025 0.530639 0.720759 0.471136 0.720289 0.417897 0.716114 0.326858 0.708683 0.217725 0.693045 0.166616 0.682994 0.164534 0.728575 0.181094 0.735872 0.274178 0.747584 0.362755 0.756941
13 0.271536 0.421342 0.262844 0.450250 0.249517 0.521000 0.241777 0.582905 0.298089 0.598711 0.363225 0.608875 0.405663 0.614642 0.436958 0.614714 0.452045 0.609261 0.456808 0.561827 0.463473 0.492087 0.464531 0.444395 0.472556 0.440427 0.476194 0.434475 0.478175 0.366784 0.462861 0.361783 0.424914 0.355655 0.365894 0.354836 0.302970 0.345786 0.278598 0.340892 0.263377 0.378442 0.257508 0.406053 0.255984 0.416169 0.271536 0.421342
4 0.358373 0.404739 0.356328 0.411036 0.358906 0.416723 0.364255 0.419456 0.370309 0.420228 0.374753 0.416286 0.376273 0.411784 0.376883 0.407742 0.374581 0.403242 0.370059 0.400431 0.367169 0.400080 0.362077 0.401203 0.358373 0.404739
13 0.536948 0.448978 0.545991 0.505078 0.556166 0.583528 0.559491 0.612775 0.605548 0.611530 0.660997 0.602998 0.731158 0.593020 0.767314 0.579269 0.764775 0.540527 0.756702 0.475944 0.746791 0.420195 0.753333 0.412197 0.745541 0.370639 0.736731 0.338811 0.711102 0.339266 0.650539 0.347009 0.612089 0.351980 0.547161 0.359342 0.521964 0.367086 0.524383 0.405453 0.530159 0.438145 0.535216 0.444934 0.536948 0.448978
4 0.642338 0.398544 0.634295 0.399944 0.629222 0.402767 0.628428 0.407906 0.629656 0.411955 0.632586 0.416158 0.637861 0.418372 0.643486 0.417153 0.647073 0.414206 0.648500 0.411109 0.648031 0.405856 0.648203 0.403880 0.644870 0.400514 0.642338 0.398544
2 0.370878 0.290794 0.420878 0.296334 0.460313 0.297723 0.510834 0.299166 0.531284 0.297911 0.574916 0.293192 0.643273 0.283988 0.691986 0.273816 0.732283 0.264598 0.725473 0.244406 0.718672 0.232422 0.713683 0.224855 0.709211 0.222280 0.701159 0.219914 0.688527 0.220889 0.649211 0.227944 0.613472 0.231756 0.577933 0.233247 0.536100 0.236070 0.494963 0.237714 0.445678 0.236144 0.384291 0.232541 0.336947 0.226456 0.291430 0.220797 0.266989 0.267048 0.289977 0.273878 0.328639 0.282945 0.370878 0.290794
11 0.487687 0.267916 0.486141 0.265628 0.485250 0.265380 0.481895 0.265155 0.479264 0.265620 0.477183 0.267042 0.475761 0.269475 0.475886 0.274039 0.478244 0.275842 0.480431 0.277655 0.483577 0.277383 0.485614 0.274523 0.487372 0.273961 0.487811 0.269770 0.487687 0.267916
11 0.510427 0.267739 0.509417 0.270269 0.508959 0.273875 0.509994 0.277047 0.514792 0.279042 0.517783 0.279116 0.520439 0.277095 0.520583 0.273123 0.520442 0.270492 0.519961 0.267972 0.519455 0.265059 0.514011 0.264722 0.510427 0.267739
9 0.484684 0.279169 0.487636 0.282264 0.488150 0.284116 0.487103 0.285336 0.486866 0.285994 0.486913 0.287733 0.488152 0.289158 0.489795 0.290616 0.490569 0.292280 0.490380 0.294988 0.488856 0.298383 0.487998 0.299745 0.485631 0.307181 0.481242 0.315319 0.479206 0.320045 0.480777 0.323327 0.482456 0.326409 0.485692 0.329475 0.491502 0.333367 0.495698 0.333264 0.503877 0.326492 0.509320 0.313063 0.510309 0.306417 0.508241 0.298516 0.508719 0.292630 0.512041 0.289969 0.513372 0.286303 0.513155 0.282098 0.513317 0.278839 0.514164 0.277180 0.516789 0.276097 0.517447 0.274956 0.517917 0.272203 0.517061 0.270306 0.515730 0.269925 0.513955 0.270441 0.512955 0.271522 0.512052 0.272603 0.511003 0.273966 0.509147 0.275609 0.506491 0.276784 0.505444 0.278053 0.503736 0.279884 0.501692 0.280308 0.498139 0.279730 0.496433 0.279017 0.495433 0.277169 0.492788 0.275347 0.489872 0.273850 0.487073 0.272492 0.485491 0.271758 0.483070 0.271022 0.482405 0.270973 0.479600 0.271195 0.480461 0.273305 0.481823 0.275042 0.482811 0.276498 0.484684 0.279169
14 0.492333 0.325945 0.496056 0.325589 0.498759 0.323884 0.504242 0.314869 0.506553 0.309494 0.505534 0.301600 0.503702 0.296953 0.497634 0.296723 0.494420 0.296966 0.490283 0.308066 0.486136 0.317584 0.486181 0.319689 0.486672 0.322320 0.487683 0.324284 0.492333 0.325945
10 0.707691 0.532092 0.689706 0.573209 0.748123 0.564211 0.750978 0.529444 0.707691 0.532092