14 0.099186 0.324398 0.098456 0.383923 0.096541 0.425350 0.094845 0.478378 0.091683 0.529267 0.089014 0.537372 0.092741 0.555297 0.092534 0.592014 0.089956 0.612522 0.088848 0.668958 0.090545 0.711917 0.093028 0.733489 0.093184 0.754072 0.089900 0.759341 0.090058 0.794066 0.091619 0.913667 0.087548 0.929602 0.089966 0.944523 0.094222 0.951008 0.115498 0.954775 0.132525 0.956389 0.173098 0.936897 0.205867 0.937391 0.242156 0.935831 0.276492 0.933873 0.324486 0.928514 0.351734 0.924045 0.383947 0.914953 0.438098 0.924464 0.468452 0.924108 0.479480 0.919705 0.481797 0.859528 0.491073 0.754739 0.496506 0.705247 0.490608 0.587661 0.487477 0.526248 0.499291 0.513850 0.508409 0.520131 0.510125 0.554858 0.515677 0.610033 0.516431 0.685267 0.514828 0.750216 0.514573 0.873331 0.515966 0.909327 0.521031 0.915608 0.582916 0.915048 0.731486 0.927148 0.758480 0.928333 0.777092 0.933180 0.788322 0.932972 0.805284 0.936884 0.817650 0.937291 0.852247 0.957969 0.895575 0.958467 0.901655 0.950273 0.899416 0.923986 0.904953 0.845189 0.910731 0.753645 0.911925 0.661656 0.906689 0.565528 0.908119 0.497027 0.908064 0.403989 0.903389 0.331077 0.896230 0.249564 0.889806 0.179566 0.883414 0.129744 0.876873 0.091770 0.869294 0.084573 0.807125 0.088953 0.750508 0.089697 0.696506 0.093031 0.628672 0.098173 0.548303 0.097766 0.487364 0.097766 0.392114 0.097448 0.275277 0.098566 0.239800 0.096120 0.126530 0.086394 0.119416 0.122581 0.112566 0.179345 0.105486 0.246927 0.099186 0.324398
13 0.195814 0.443378 0.257191 0.412955 0.281756 0.400923 0.271452 0.380645 0.263142 0.380856 0.231316 0.396425 0.169897 0.428192 0.123180 0.449467 0.094291 0.466716 0.093520 0.497670 0.119256 0.483753 0.195814 0.443378
16 0.252208 0.436483 0.251980 0.444405 0.252994 0.453141 0.259747 0.456178 0.265936 0.453102 0.268300 0.448108 0.267491 0.428595 0.266352 0.424955 0.265773 0.410492 0.262809 0.409694 0.255852 0.410225 0.254625 0.415486 0.255073 0.419986 0.254503 0.425705 0.252208 0.436483
13 0.844056 0.471756 0.886784 0.491317 0.907373 0.506742 0.907466 0.467789 0.897764 0.459430 0.875891 0.447506 0.839875 0.432869 0.805744 0.413967 0.757939 0.385678 0.722950 0.367850 0.710809 0.393667 0.749589 0.416092 0.788403 0.440575 0.844056 0.471756
16 0.731977 0.437634 0.731861 0.445739 0.734602 0.450175 0.739506 0.452120 0.744009 0.450780 0.747542 0.445495 0.748098 0.438278 0.746444 0.423227 0.745223 0.415506 0.744672 0.407148 0.740175 0.403686 0.734602 0.406117 0.734483 0.413544 0.734133 0.421350 0.733230 0.424808 0.731977 0.437634
2 0.344072 0.097680 0.581861 0.098128 0.679720 0.094445 0.735394 0.089273 0.844014 0.086842 0.866986 0.085066 0.875198 0.092656 0.875408 0.086722 0.871391 0.073189 0.867008 0.063034 0.867008 0.053677 0.862628 0.043523 0.853083 0.043336 0.835575 0.045466 0.805911 0.044691 0.777628 0.047492 0.737594 0.048842 0.731619 0.045459 0.691714 0.053647 0.658427 0.059281 0.628447 0.057827 0.591592 0.058927 0.565150 0.055256 0.534598 0.060592 0.494717 0.055495 0.448975 0.054416 0.435034 0.054617 0.424480 0.062066 0.407950 0.059489 0.373914 0.059956 0.336755 0.061183 0.319905 0.063742 0.292798 0.059872 0.267497 0.051714 0.240406 0.053975 0.208622 0.050630 0.185647 0.050589 0.165150 0.053559 0.144295 0.050114 0.132978 0.048230 0.129395 0.054067 0.133520 0.067442 0.132341 0.074083 0.125114 0.086564 0.184008 0.091698 0.271431 0.098636 0.344072 0.097680
13 0.136078 0.113055 0.129789 0.198120 0.124623 0.300345 0.121994 0.383256 0.146211 0.366117 0.163127 0.349684 0.168047 0.323733 0.172189 0.290442 0.177808 0.235619 0.182536 0.176331 0.185333 0.111202 0.186459 0.069925 0.135980 0.071059 0.136458 0.090470 0.132225 0.097828 0.133283 0.107094 0.136078 0.113055
13 0.829873 0.328375 0.834175 0.342606 0.842225 0.357589 0.876739 0.379753 0.875819 0.354766 0.876150 0.325220 0.873795 0.232550 0.868594 0.148200 0.862008 0.067622 0.816970 0.070514 0.817897 0.104708 0.820620 0.166506 0.823484 0.260045 0.829873 0.328375
3 0.774333 0.136500 0.771891 0.139678 0.772372 0.150153 0.794809 0.148706 0.800106 0.146103 0.799494 0.137372 0.796277 0.132483 0.795844 0.112611 0.796858 0.096106 0.799750 0.068311 0.799750 0.053431 0.797297 0.046100 0.794078 0.043495 0.779514 0.043483 0.774597 0.047178 0.778531 0.052625 0.775914 0.070975 0.772875 0.095666 0.774333 0.136500
3 0.637855 0.162984 0.664203 0.163097 0.664503 0.155328 0.661148 0.105886 0.656648 0.056366 0.644297 0.056211 0.632889 0.057497 0.636527 0.085655 0.640916 0.147617 0.637698 0.149280 0.637855 0.162984
3 0.329717 0.162567 0.353275 0.163173 0.356302 0.147583 0.352625 0.146967 0.353080 0.127836 0.353744 0.105114 0.355739 0.084739 0.354134 0.062373 0.350914 0.058689 0.339917 0.059114 0.328567 0.059834 0.329625 0.067248 0.330316 0.093634 0.330400 0.153428 0.329717 0.162567
3 0.203406 0.140778 0.201783 0.156794 0.226909 0.157533 0.224364 0.096869 0.224969 0.066019 0.226141 0.056692 0.229411 0.051834 0.220658 0.050369 0.204386 0.049730 0.203041 0.062720 0.201616 0.085014 0.202523 0.110942 0.203406 0.140778