14 0.331502 0.405706 0.330286 0.476522 0.325272 0.620736 0.322502 0.686134 0.318552 0.772030 0.314452 0.830703 0.309706 0.876361 0.339653 0.880816 0.376756 0.885814 0.416227 0.890802 0.438245 0.893242 0.470761 0.895170 0.485109 0.894037 0.485377 0.867044 0.486277 0.817897 0.488883 0.720330 0.492150 0.614241 0.494272 0.541067 0.494270 0.534081 0.501853 0.487569 0.504511 0.474639 0.505711 0.515270 0.508433 0.590628 0.511419 0.718384 0.511311 0.777720 0.512489 0.838439 0.514159 0.893502 0.538978 0.893702 0.570061 0.891088 0.594319 0.888580 0.625695 0.887442 0.662723 0.882461 0.690594 0.875672 0.686677 0.816931 0.682617 0.745516 0.678555 0.660339 0.674777 0.543378 0.673794 0.483102 0.673187 0.442152 0.668961 0.351578 0.666206 0.305177 0.663459 0.272481 0.657950 0.210419 0.651509 0.160067 0.634047 0.157784 0.609955 0.156686 0.579261 0.155295 0.556155 0.156405 0.522989 0.154831 0.493906 0.154831 0.475411 0.155772 0.399320 0.158428 0.351820 0.159898 0.346541 0.196673 0.340380 0.244275 0.338647 0.286602 0.331502 0.405706
13 0.447136 0.208880 0.472634 0.210120 0.472017 0.199827 0.443752 0.199336 0.418484 0.199006 0.386983 0.200022 0.368177 0.204581 0.367503 0.214622 0.393648 0.211608 0.421156 0.209123 0.447136 0.208880
4 0.416114 0.221370 0.421095 0.222359 0.423331 0.220753 0.425908 0.218403 0.426458 0.216217 0.426194 0.214509 0.425206 0.212869 0.423759 0.211683 0.421200 0.210628 0.416459 0.211447 0.414192 0.214478 0.413506 0.217647 0.416114 0.221370
13 0.592691 0.210203 0.622216 0.213803 0.622083 0.207730 0.620044 0.204583 0.605862 0.201808 0.581613 0.200409 0.561417 0.199258 0.539172 0.199583 0.526266 0.201014 0.526206 0.210450 0.538275 0.210111 0.566612 0.209944 0.592691 0.210203
4 0.568439 0.220573 0.571758 0.222503 0.575839 0.222505 0.580720 0.218541 0.579045 0.214598 0.577214 0.212962 0.574506 0.211289 0.570355 0.211333 0.568184 0.213281 0.567531 0.215517 0.567334 0.218247 0.568439 0.220573
7 0.419506 0.907969 0.457378 0.909433 0.484577 0.909031 0.484972 0.893344 0.469005 0.894664 0.446852 0.893084 0.402538 0.888950 0.359828 0.883569 0.322916 0.877683 0.309028 0.876703 0.308033 0.894002 0.341248 0.900055 0.375333 0.904639 0.419506 0.907969
7 0.653295 0.899875 0.692381 0.892969 0.691080 0.874603 0.671737 0.879289 0.654455 0.882284 0.625147 0.886150 0.590034 0.888814 0.560239 0.891269 0.538384 0.892777 0.514686 0.893991 0.514595 0.909939 0.546656 0.909148 0.591203 0.906480 0.653295 0.899875
2 0.502580 0.155480 0.519152 0.155366 0.561103 0.156580 0.580434 0.155000 0.611184 0.157328 0.634122 0.157380 0.651394 0.158831 0.649836 0.149264 0.648284 0.140011 0.647989 0.133278 0.644389 0.131181 0.617489 0.130489 0.559556 0.130856 0.509828 0.131366 0.447298 0.132289 0.400444 0.131900 0.375864 0.132464 0.358250 0.132598 0.356117 0.133473 0.355145 0.146983 0.352044 0.159111 0.375541 0.159173 0.429031 0.157113 0.502580 0.155480
3 0.380659 0.169183 0.387961 0.169897 0.388216 0.164669 0.388561 0.150692 0.387867 0.138533 0.387619 0.130716 0.376439 0.131312 0.376433 0.138839 0.376561 0.154958 0.376906 0.169877 0.380659 0.169183
3 0.503656 0.163442 0.503320 0.154291 0.503034 0.144823 0.502644 0.129992 0.492173 0.131142 0.491800 0.137398 0.492164 0.150681 0.493114 0.163498 0.503656 0.163442
3 0.613223 0.167898 0.614522 0.156111 0.614931 0.144556 0.615836 0.130333 0.614019 0.129278 0.603845 0.129492 0.603366 0.141480 0.602808 0.161130 0.602397 0.166702 0.613223 0.167898