14 0.098116 0.468341 0.068627 0.686050 0.055217 0.792366 0.154628 0.824919 0.318920 0.854947 0.454459 0.873116 0.476597 0.774066 0.495348 0.669284 0.504780 0.807002 0.513855 0.880145 0.624986 0.862381 0.764461 0.842269 0.913230 0.818450 0.907406 0.719656 0.893127 0.562861 0.876859 0.392416 0.860897 0.269072 0.839264 0.145945 0.823255 0.086161 0.777475 0.088108 0.625944 0.088966 0.463673 0.088125 0.288906 0.087206 0.174052 0.079166 0.150822 0.163833 0.142020 0.195717 0.123411 0.312644 0.098116 0.468341
13 0.431500 0.231941 0.430830 0.196306 0.329422 0.195383 0.261114 0.197975 0.221495 0.192703 0.214200 0.229366 0.261189 0.237942 0.342077 0.232677 0.431500 0.231941
13 0.737181 0.236766 0.774747 0.234253 0.772373 0.199634 0.731944 0.195205 0.673392 0.197473 0.592270 0.193750 0.551877 0.189911 0.544977 0.230858 0.589009 0.238828 0.659709 0.237823 0.737181 0.236766
2 0.178414 0.071848 0.172966 0.081733 0.232417 0.085042 0.312527 0.088691 0.388761 0.088169 0.496147 0.087520 0.592694 0.089167 0.671164 0.089183 0.757723 0.089005 0.820556 0.084453 0.812431 0.044492 0.808514 0.026402 0.800859 0.019764 0.755100 0.017202 0.700120 0.019128 0.598150 0.020103 0.474894 0.019359 0.349981 0.018994 0.259755 0.017759 0.195436 0.018672 0.181622 0.037034 0.178503 0.051745 0.176094 0.064886 0.178414 0.071848
3 0.232367 0.077661 0.232744 0.089077 0.230858 0.098155 0.227153 0.105184 0.221706 0.112366 0.230375 0.118992 0.246211 0.119758 0.250594 0.102220 0.254394 0.076755 0.254319 0.061594 0.257433 0.047836 0.260920 0.032695 0.266595 0.023261 0.268816 0.019306 0.242181 0.018836 0.235830 0.036047 0.234530 0.049972 0.232784 0.064539 0.232367 0.077661
3 0.475030 0.106680 0.478380 0.116697 0.496777 0.119427 0.501397 0.113720 0.502333 0.066992 0.504756 0.034836 0.509034 0.025714 0.508878 0.019817 0.486816 0.020470 0.481009 0.028366 0.478831 0.073781 0.479472 0.094980 0.475030 0.106680
3 0.752084 0.108491 0.749794 0.113469 0.748875 0.116750 0.749442 0.122633 0.755041 0.124645 0.768608 0.126077 0.771873 0.116050 0.772956 0.105833 0.775452 0.082231 0.772908 0.050541 0.772291 0.023150 0.766795 0.018920 0.745114 0.018572 0.749798 0.032716 0.751667 0.071967 0.752139 0.101403 0.752084 0.108491
7 0.097153 0.861975 0.237069 0.892375 0.321634 0.912542 0.378098 0.923605 0.443277 0.928389 0.451497 0.903978 0.454989 0.873183 0.403252 0.867302 0.318811 0.854173 0.237942 0.837633 0.152439 0.819717 0.075956 0.797441 0.052795 0.789300 0.049800 0.817444 0.050519 0.847502 0.053655 0.851830 0.097153 0.861975
7 0.766620 0.894005 0.842370 0.883648 0.908678 0.871506 0.913306 0.866520 0.913645 0.850622 0.911066 0.817744 0.860842 0.823025 0.766561 0.836770 0.683347 0.847809 0.620073 0.857805 0.553981 0.868745 0.511252 0.877652 0.518420 0.930070 0.576569 0.923139 0.673980 0.907178 0.766620 0.894005
10 0.239983 0.802369 0.256475 0.784677 0.254614 0.750402 0.180923 0.728852 0.135445 0.708255 0.103975 0.704720 0.076511 0.743664 0.076784 0.767239 0.144375 0.784084 0.239983 0.802369
4 0.310409 0.215289 0.310409 0.217852 0.312289 0.221305 0.317917 0.222680 0.320969 0.222389 0.323080 0.219089 0.323719 0.215341 0.323133 0.212316 0.321473 0.210169 0.318025 0.207130 0.313728 0.209964 0.311192 0.211842 0.310409 0.215289
4 0.651483 0.225778 0.657933 0.227934 0.662608 0.226275 0.664584 0.222666 0.664783 0.218470 0.662344 0.214372 0.656478 0.212411 0.652352 0.215598 0.650886 0.220166 0.651483 0.225778