14 0.295545 0.164147 0.289011 0.188319 0.283775 0.219002 0.274917 0.277653 0.264902 0.364889 0.255439 0.459275 0.249128 0.528536 0.245258 0.597911 0.245350 0.659155 0.243156 0.732022 0.244803 0.797011 0.251720 0.866880 0.269580 0.914263 0.280003 0.908369 0.293467 0.907475 0.310006 0.907869 0.327948 0.907869 0.346189 0.909434 0.365381 0.910423 0.392022 0.914445 0.403264 0.918811 0.409747 0.904164 0.417827 0.877691 0.422642 0.846134 0.429395 0.801330 0.438177 0.738652 0.447181 0.666909 0.454878 0.607867 0.466458 0.546602 0.477037 0.494856 0.493081 0.424177 0.501920 0.375259 0.503597 0.399522 0.514041 0.444887 0.524331 0.503838 0.531217 0.526080 0.530417 0.532188 0.534927 0.548859 0.535191 0.553861 0.537488 0.570611 0.548097 0.626597 0.554780 0.685453 0.557873 0.718848 0.564653 0.759283 0.571138 0.808311 0.578856 0.852084 0.579381 0.862939 0.582623 0.884914 0.587244 0.903559 0.594422 0.918639 0.597642 0.921773 0.603962 0.917913 0.619412 0.914895 0.639931 0.913122 0.661400 0.910844 0.688842 0.909017 0.709097 0.908058 0.721503 0.908058 0.727559 0.909769 0.732267 0.907339 0.734653 0.893313 0.740744 0.872047 0.746866 0.843117 0.749661 0.814438 0.753677 0.761353 0.753967 0.685541 0.754134 0.622328 0.751581 0.548417 0.746983 0.486728 0.740313 0.419344 0.731006 0.343264 0.723433 0.278783 0.715175 0.216842 0.702781 0.158548 0.693337 0.117522 0.681220 0.084716 0.670134 0.068645 0.647394 0.074291 0.624886 0.079616 0.585063 0.086903 0.555488 0.092280 0.535547 0.096633 0.503962 0.101202 0.487850 0.101656 0.472944 0.099208 0.437602 0.094206 0.428475 0.090680 0.420395 0.086542 0.414609 0.084566 0.406581 0.084830 0.387925 0.083944 0.372938 0.080259 0.364169 0.077750 0.352153 0.074250 0.342967 0.071803 0.335827 0.069744 0.330133 0.069517 0.315991 0.090505 0.306386 0.113298 0.299991 0.143273 0.295545 0.164147
13 0.306342 0.185005 0.301030 0.201686 0.299503 0.209931 0.300353 0.215305 0.304172 0.214506 0.314941 0.196581 0.326861 0.160603 0.338058 0.134347 0.348242 0.103244 0.353927 0.090541 0.357269 0.080956 0.356862 0.077894 0.350117 0.077175 0.334745 0.113753 0.322587 0.145852 0.314433 0.162814 0.306342 0.185005
13 0.690372 0.201064 0.693036 0.214636 0.696672 0.217564 0.700022 0.212011 0.694198 0.192509 0.686813 0.167820 0.679966 0.148367 0.670783 0.125541 0.662623 0.106644 0.657564 0.102689 0.654931 0.106145 0.660888 0.122995 0.670542 0.143444 0.682173 0.176972 0.690372 0.201064
5 0.281408 0.953856 0.282152 0.962223 0.284488 0.964792 0.303119 0.964542 0.320447 0.964542 0.330431 0.963833 0.340227 0.964564 0.352094 0.966455 0.364508 0.967909 0.384855 0.971241 0.387541 0.959800 0.391934 0.946605 0.397522 0.929095 0.403230 0.918412 0.397206 0.915650 0.378016 0.910875 0.356081 0.909275 0.350769 0.909275 0.335797 0.907630 0.317219 0.907241 0.292994 0.907241 0.282548 0.907761 0.278536 0.908928 0.273456 0.912275 0.276653 0.916828 0.280094 0.924745 0.282150 0.936755 0.281408 0.953856
5 0.610136 0.962030 0.612323 0.968914 0.615050 0.971231 0.637503 0.968042 0.669223 0.963670 0.717803 0.963609 0.719205 0.959720 0.722658 0.930963 0.724580 0.917528 0.727266 0.913520 0.729716 0.910333 0.721341 0.907642 0.716816 0.906814 0.713159 0.908097 0.683827 0.908578 0.651573 0.911541 0.613617 0.916414 0.604681 0.916647 0.601339 0.918858 0.596211 0.921544 0.599156 0.923480 0.602841 0.935661 0.607005 0.950191 0.610136 0.962030
10 0.667089 0.265920 0.678137 0.259906 0.685759 0.245502 0.686333 0.237105 0.677605 0.232845 0.669105 0.233480 0.661750 0.241280 0.659384 0.251552 0.658936 0.262267 0.667089 0.265920
2 0.333373 0.050905 0.334192 0.054991 0.334192 0.057558 0.332252 0.064278 0.330359 0.067312 0.347520 0.072581 0.355534 0.076144 0.368825 0.080841 0.384153 0.083286 0.398781 0.084709 0.414830 0.086030 0.425597 0.087544 0.430623 0.092598 0.440437 0.095086 0.459567 0.096822 0.476786 0.099125 0.495592 0.101661 0.513717 0.101422 0.529162 0.097995 0.548614 0.094036 0.559981 0.091736 0.569522 0.090741 0.575622 0.089267 0.587470 0.086702 0.599800 0.083319 0.608459 0.082752 0.612781 0.082277 0.617867 0.081402 0.622472 0.079203 0.627842 0.078119 0.634169 0.078078 0.639006 0.077092 0.641683 0.075694 0.646116 0.073545 0.648373 0.072995 0.651234 0.073131 0.656684 0.071266 0.659958 0.070284 0.665633 0.068756 0.667714 0.067998 0.669367 0.066650 0.669063 0.064023 0.667991 0.060247 0.666362 0.057570 0.666934 0.051666 0.666333 0.046914 0.663167 0.041794 0.662620 0.037627 0.660564 0.033419 0.659397 0.031691 0.648989 0.033508 0.639503 0.035752 0.623186 0.036455 0.593316 0.037898 0.563133 0.040294 0.531209 0.041059 0.499025 0.040984 0.480014 0.039956 0.457481 0.038880 0.438423 0.038511 0.412159 0.037877 0.390675 0.036717 0.374191 0.036242 0.360539 0.036816 0.355619 0.036159 0.344620 0.034388 0.338766 0.033337 0.337744 0.038531 0.337386 0.042150 0.334675 0.046352 0.333373 0.050905
11 0.484722 0.081181 0.485492 0.082395 0.486302 0.082719 0.487800 0.082759 0.488867 0.082003 0.489719 0.079878 0.489961 0.078161 0.489345 0.076727 0.488406 0.076031 0.486325 0.075859 0.485463 0.077172 0.484519 0.078266 0.484519 0.079966 0.484722 0.081181
11 0.512297 0.079858 0.512663 0.081397 0.514422 0.082831 0.516278 0.082463 0.517087 0.080789 0.518145 0.078130 0.517861 0.076327 0.515730 0.074797 0.514675 0.074545 0.513364 0.075606 0.512791 0.076863 0.512298 0.078280 0.512297 0.079858
9 0.490594 0.083008 0.492131 0.083941 0.491556 0.084669 0.491352 0.085778 0.491878 0.088248 0.492645 0.089762 0.492806 0.090694 0.492336 0.092622 0.491927 0.094080 0.491923 0.096080 0.491577 0.098461 0.491817 0.100445 0.492425 0.102186 0.492789 0.103198 0.492339 0.104575 0.493208 0.106211 0.494538 0.106748 0.495023 0.108547 0.496191 0.108952 0.498916 0.108213 0.499036 0.106008 0.498908 0.105178 0.502023 0.102105 0.503186 0.098708 0.502872 0.095167 0.502267 0.091423 0.501592 0.089266 0.502037 0.087339 0.502520 0.084017 0.505948 0.082319 0.508128 0.081398 0.510300 0.081094 0.514258 0.080506 0.515959 0.080014 0.516323 0.078705 0.516281 0.077681 0.515341 0.077272 0.513520 0.077312 0.508992 0.078041 0.503955 0.079119 0.500933 0.080662 0.500195 0.081594 0.497481 0.082017 0.495523 0.082337 0.494500 0.082172 0.493475 0.080905 0.491619 0.080002 0.490227 0.079305 0.486617 0.078052 0.486184 0.079412 0.486386 0.080464 0.488167 0.081395 0.490594 0.083008
2 0.495092 0.100358 0.496020 0.101748 0.497414 0.102212 0.499034 0.100984 0.500434 0.098875 0.500181 0.095894 0.499647 0.093972 0.498909 0.091875 0.498745 0.090769 0.497659 0.092122 0.496431 0.092041 0.495203 0.091548 0.495384 0.092227 0.494931 0.094794 0.494931 0.096900 0.494970 0.098803 0.495092 0.100358