14 0.097939 0.419961 0.088167 0.488748 0.072809 0.597856 0.063792 0.667748 0.051336 0.774227 0.047402 0.813477 0.096803 0.823073 0.150870 0.837716 0.199395 0.849080 0.230153 0.857583 0.247989 0.855827 0.287575 0.856458 0.315183 0.861203 0.365514 0.865250 0.444295 0.864806 0.452706 0.792947 0.468702 0.673173 0.476641 0.598422 0.481569 0.649625 0.482716 0.668131 0.485839 0.735584 0.486520 0.790444 0.487920 0.864958 0.530217 0.870689 0.607825 0.864223 0.678747 0.864758 0.728192 0.864758 0.763319 0.860450 0.831881 0.851580 0.901755 0.836145 0.918408 0.828889 0.911825 0.784855 0.902194 0.684555 0.888345 0.573869 0.875108 0.436998 0.865373 0.384566 0.854242 0.274417 0.836544 0.169975 0.821153 0.102422 0.819406 0.077416 0.750283 0.092706 0.674980 0.104523 0.617758 0.110758 0.495183 0.115552 0.415073 0.111553 0.329231 0.107392 0.256994 0.095823 0.188477 0.077544 0.162017 0.076156 0.139995 0.160641 0.126020 0.241086 0.113280 0.325984 0.097939 0.419961
7 0.092102 0.881733 0.160345 0.898161 0.209139 0.907780 0.248205 0.913327 0.308056 0.918356 0.381327 0.923450 0.418291 0.925834 0.431539 0.928125 0.436350 0.924422 0.438636 0.897505 0.442495 0.866031 0.406695 0.866014 0.352069 0.864514 0.294406 0.858406 0.254391 0.854514 0.215344 0.854920 0.153461 0.837005 0.088453 0.821103 0.045959 0.812381 0.042423 0.850116 0.043664 0.869841 0.046773 0.872356 0.092102 0.881733
7 0.671028 0.922452 0.747183 0.918628 0.817311 0.910267 0.866048 0.901259 0.922981 0.889925 0.916689 0.831555 0.904094 0.836041 0.866583 0.843291 0.844273 0.849798 0.775041 0.859036 0.722978 0.864369 0.672498 0.864172 0.602816 0.863839 0.534464 0.869969 0.488994 0.865291 0.495500 0.927864 0.545592 0.927350 0.613805 0.925422 0.671028 0.922452
2 0.163405 0.071206 0.161905 0.074611 0.178842 0.077030 0.207852 0.083216 0.259136 0.095980 0.304275 0.103116 0.356022 0.108523 0.397542 0.110806 0.457009 0.113370 0.494856 0.115209 0.533709 0.114300 0.579661 0.112669 0.623522 0.108786 0.694333 0.102533 0.753892 0.091944 0.804080 0.082139 0.818691 0.078894 0.814748 0.072783 0.815530 0.045558 0.811328 0.025964 0.799442 0.022633 0.750761 0.022894 0.678275 0.022545 0.539811 0.023228 0.429144 0.022483 0.262155 0.021650 0.174220 0.021442 0.169483 0.031716 0.166417 0.051811 0.166564 0.062620 0.163405 0.071206
3 0.324022 0.095486 0.322616 0.102034 0.322528 0.114061 0.323525 0.121447 0.320102 0.130141 0.317959 0.140216 0.317659 0.144508 0.338283 0.149819 0.343672 0.130661 0.348502 0.113539 0.350186 0.097866 0.350848 0.081841 0.355192 0.060011 0.355677 0.047955 0.338822 0.046559 0.333217 0.058233 0.330106 0.071686 0.326858 0.086717 0.324022 0.095486
3 0.634831 0.139420 0.636528 0.150027 0.659319 0.149247 0.657003 0.120928 0.656023 0.079527 0.655531 0.044436 0.629545 0.045492 0.631083 0.064291 0.632739 0.098066 0.634630 0.120981 0.634831 0.139420
3 0.476702 0.023045 0.474958 0.051747 0.507203 0.051822 0.509198 0.022464 0.476702 0.023045
9 0.415011 0.113459 0.410789 0.123002 0.412661 0.140559 0.418230 0.145478 0.431319 0.148339 0.441186 0.148878 0.450964 0.147400 0.461667 0.142016 0.467017 0.131372 0.464881 0.140123 0.461703 0.149142 0.458584 0.155625 0.459531 0.173541 0.459331 0.209836 0.456767 0.231302 0.456297 0.257914 0.459778 0.273053 0.455434 0.303917 0.460459 0.306347 0.464352 0.305528 0.466380 0.274064 0.472197 0.261175 0.473842 0.225058 0.475978 0.206250 0.475027 0.157345 0.479322 0.125131 0.481278 0.108450 0.485656 0.100916 0.493505 0.103347 0.496747 0.104805 0.508430 0.131939 0.514981 0.171441 0.520433 0.210492 0.525509 0.247598 0.529323 0.281689 0.532175 0.292303 0.532661 0.301550 0.531070 0.321975 0.534606 0.328511 0.538173 0.325892 0.539783 0.317733 0.540409 0.296266 0.546234 0.284853 0.542800 0.251359 0.532298 0.193811 0.527967 0.143539 0.514922 0.099994 0.518327 0.101128 0.522380 0.110528 0.530278 0.126648 0.539203 0.139255 0.548909 0.149842 0.556433 0.153883 0.567495 0.156823 0.579358 0.152886 0.584222 0.145192 0.584708 0.137508 0.579300 0.122383 0.567870 0.107409 0.554278 0.096994 0.537486 0.090053 0.519428 0.085139 0.521523 0.077591 0.508733 0.084306 0.494436 0.072359 0.485405 0.074142 0.477859 0.079898 0.477203 0.083302 0.459678 0.077958 0.459103 0.090181 0.439436 0.096897 0.424925 0.104509 0.415011 0.113459
2 0.472405 0.096791 0.469989 0.095520 0.465156 0.098141 0.448214 0.103578 0.435041 0.109523 0.429109 0.111850 0.467753 0.113950 0.468666 0.106048 0.469575 0.101792 0.472405 0.096791
14 0.421305 0.134780 0.424541 0.136541 0.435475 0.139436 0.445316 0.138609 0.455675 0.133958 0.463041 0.127948 0.467522 0.121120 0.467745 0.114497 0.447375 0.113436 0.430344 0.111850 0.420827 0.120808 0.417955 0.126094 0.417384 0.130173 0.421305 0.134780
2 0.561486 0.113256 0.550155 0.104883 0.542120 0.100086 0.532620 0.096033 0.527428 0.094492 0.524666 0.094375 0.522547 0.097847 0.527081 0.103303 0.531825 0.111192 0.533306 0.115973 0.561486 0.113256
14 0.556130 0.146095 0.565000 0.148153 0.572033 0.147519 0.576133 0.143370 0.577955 0.138883 0.576866 0.132430 0.573208 0.124744 0.566459 0.117933 0.562158 0.113798 0.532691 0.114316 0.537978 0.122523 0.543436 0.133964 0.547341 0.139508 0.556130 0.146095
12 0.525348 0.347605 0.527305 0.273400 0.523398 0.242198 0.518103 0.198992 0.512450 0.157558 0.503914 0.116297 0.480197 0.114955 0.475297 0.148041 0.475670 0.184577 0.473981 0.237986 0.470778 0.268100 0.465870 0.314056 0.462375 0.376881 0.459869 0.411202 0.464134 0.426061 0.476203 0.421670 0.508509 0.407420 0.521523 0.387906 0.525348 0.347605